mat3(0.5019924640655518, 0.6588641405105591, -0.5568066835403442, 0.47637951374053955, 0.3300382196903229, 0.8203434944152832, -0.7218490839004517, 0.6759976148605347, 0.13039515912532806),
mat3(-0.706178605556488, -0.5941503643989563, -0.38509365916252136, 0.06621380895376205, 0.4860900342464447, -0.8713967204093933, -0.7036253809928894, 0.6448028683662415, 0.29856419563293457),
mat3(0.3928147256374359, -0.2248607724905014, 0.8917030096054077, -0.8005345463752747, -0.5608267784118652, 0.21122930943965912, -0.45350635051727295, 0.7993849515914917, 0.3941011428833008),
mat3(-0.31683292984962463, 0.09810792654752731, -0.9433937072753906, 0.7510870695114136, 0.6333479285240173, -0.18638309836387634, -0.5792385935783386, 0.7675114870071411, 0.2746065557003021),
mat3(-0.47637951374053955, -0.7218490839004517, -0.5019924640655518, -0.3300382196903229, 0.6759976148605347, -0.6588641405105591, -0.8203434944152832, 0.13039515912532806, 0.5568066835403442),
mat3(0.5941503643989563, -0.38509365916252136, 0.706178605556488, -0.4860900342464447, -0.8713967204093933, -0.06621380895376205, -0.6448028683662415, 0.29856419563293457, 0.7036253809928894),
mat3(0.2248607724905014, 0.8917030096054077, -0.3928147256374359, 0.5608267784118652, 0.21122930943965912, 0.8005345463752747, -0.7993849515914917, 0.3941011428833008, 0.45350635051727295),
mat3(-0.09810792654752731, -0.9433937072753906, 0.31683292984962463, -0.6333479285240173, -0.18638309836387634, -0.7510870695114136, -0.7675114870071411, 0.2746065557003021, 0.5792385935783386),
mat3(0.7218490839004517, -0.5019924640655518, 0.47637951374053955, -0.6759976148605347, -0.6588641405105591, 0.3300382196903229, -0.13039515912532806, 0.5568066835403442, 0.8203434944152832),
mat3(0.38509365916252136, 0.706178605556488, -0.5941503643989563, 0.8713967204093933, -0.06621380895376205, 0.4860900342464447, -0.29856419563293457, 0.7036253809928894, 0.6448028683662415),
mat3(-0.8917030096054077, -0.3928147256374359, -0.2248607724905014, -0.21122930943965912, 0.8005345463752747, -0.5608267784118652, -0.3941011428833008, 0.45350635051727295, 0.7993849515914917),
mat3(0.9433937072753906, 0.31683292984962463, 0.09810792654752731, 0.18638309836387634, -0.7510870695114136, 0.6333479285240173, -0.2746065557003021, 0.5792385935783386, 0.7675114870071411),
mat3(-0.41215789318084717, 0.203019917011261, -0.8882054090499878, 0.5785813927650452, 0.8113884925842285, -0.08302005380392075, -0.7069336175918579, 0.547075629234314, 0.44827795028686523),
mat3(-0.203019917011261, -0.8882054090499878, 0.41215789318084717, -0.8113884925842285, -0.08302005380392075, -0.5785813927650452, -0.547075629234314, 0.44827795028686523, 0.7069336175918579),
mat3(0.8882054090499878, 0.41215789318084717, 0.203019917011261, 0.08302005380392075, -0.5785813927650452, 0.8113884925842285, -0.44827795028686523, 0.7069336175918579, 0.547075629234314),
mat3(-0.80901700258255, -0.5, -0.3090169429779053, -0.1102641224861145, 0.64549720287323, -0.7557613253593445, -0.5773502588272095, 0.5773502588272095, 0.5773502588272095),
mat3(-0.4802010953426361, -0.13064971566200256, -0.8673739433288574, 0.7743383646011353, 0.40140506625175476, -0.48915648460388184, -0.42641153931617737, 0.9009321331977844, 0.08058864623308182),
mat3(-0.4810340404510498, -0.4550034701824188, 0.7493851184844971, -0.8220778703689575, -0.06290442496538162, -0.5658895373344421, -0.3095242381095886, 0.8883707523345947, 0.33910486102104187),
mat3(0.9872959852218628, 0.1425493210554123, 0.07018812000751495, -0.05607432499527931, -0.10072453320026398, 0.9933329224586487, -0.15494216978549957, 0.9839077591896057, 0.08898582309484482),
mat3(-0.9519549608230591, -0.2944193184375763, -0.08425558358430862, 0.029041308909654617, 0.18709887564182281, -0.9819117188453674, -0.3046320378780365, 0.9372276663780212, 0.16971616446971893),
mat3(-0.42124661803245544, -0.6877748966217041, 0.5911995768547058, -0.9069461226463318, 0.31944897770881653, -0.2745925188064575, 0, 0.6373953223228455, 0.7705369591712952),
mat3(0.9873861074447632, -0.14206081628799438, -0.06990964710712433, -0.027336936444044113, -0.5878716111183167, 0.8084921836853027, 0.15458208322525024, 0.7926112413406372, 0.5898066163063049),
mat3(-0.4809146523475647, 0.4555101692676544, -0.7491539120674133, 0.8627859950065613, 0.39785054326057434, -0.3119538724422455, -0.15458208322525024, 0.7926111817359924, 0.5898066163063049),
mat3(0.4987940192222595, -0.57448810338974, 0.6489745378494263, -0.8667205572128296, -0.33061549067497253, 0.3734820783138275, 0, 0.748954713344574, 0.6626211404800415),
mat3(0.901447594165802, -0.3909950256347656, -0.18578258156776428, 0.13260766863822937, -0.15911880135536194, 0.9783130288124084, 0.426411509513855, 0.9009321331977844, 0.08058863878250122),
mat3(-0.5063520073890686, 0.15523460507392883, -0.8482392430305481, 0.8494147062301636, -0.07979951798915863, -0.5216576457023621, 0.15494216978549957, 0.9839077591896057, 0.08898582309484482),
mat3(-0.5063811540603638, -0.1546722799539566, 0.8483245968818665, -0.8067116141319275, 0.4325065016746521, -0.4026840627193451, 0.3095242381095886, 0.8883707523345947, 0.33910486102104187),
mat3(0.4531610310077667, 0.013852397911250591, -0.891321063041687, 0.8376794457435608, -0.34856390953063965, 0.4204716384410858, 0.3046320080757141, 0.937227725982666, 0.16971616446971893),
mat3(-0.9873888492584229, -0.15249212086200714, -0.04253776744008064, -0.028606731444597244, 0.43612581491470337, -0.8994308710098267, -0.15985800325870514, 0.8851869702339172, 0.436909019947052),
mat3(0.5064035654067993, -0.44975799322128296, 0.7357127070426941, -0.8481216430664062, -0.10572274774312973, 0.5191457867622375, 0.15985798835754395, 0.8851869702339172, 0.4369089901447296),
mat3(0.4809854030609131, 0.16048216819763184, -0.8619155883789062, 0.8767285943031311, -0.08804231882095337, 0.47285887598991394, 0, 0.983984649181366, 0.17825333774089813),
mat3(-0.5, -0.30901679396629333, 0.8090170621871948, -0.8660253882408142, 0.17841123044490814, -0.4670861065387726, 0, 0.9341723322868347, 0.35682207345962524),
mat3(-0.901447594165802, -0.3909950256347656, 0.18578258156776428, -0.13260766863822937, -0.15911880135536194, -0.9783130288124084, -0.426411509513855, 0.9009321331977844, -0.08058863878250122),
mat3(0.5063520073890686, 0.15523460507392883, 0.8482392430305481, -0.8494147062301636, -0.07979951798915863, 0.5216576457023621, -0.15494216978549957, 0.9839077591896057, -0.08898582309484482),
mat3(0.5063811540603638, -0.1546722799539566, -0.8483245968818665, 0.8067116141319275, 0.4325065016746521, 0.4026840627193451, -0.3095242381095886, 0.8883707523345947, -0.33910486102104187),
mat3(-0.4531610310077667, 0.013852397911250591, 0.891321063041687, -0.8376794457435608, -0.34856390953063965, -0.4204716384410858, -0.3046320080757141, 0.937227725982666, -0.16971616446971893),
mat3(0.4802010953426361, -0.13064971566200256, 0.8673739433288574, -0.7743383646011353, 0.40140506625175476, 0.48915648460388184, 0.42641153931617737, 0.9009321331977844, -0.08058864623308182),
mat3(0.4810340404510498, -0.4550034701824188, -0.7493851184844971, 0.8220778703689575, -0.06290442496538162, 0.5658895373344421, 0.3095242381095886, 0.8883707523345947, -0.33910486102104187),
mat3(-0.9872959852218628, 0.1425493210554123, -0.07018812000751495, 0.05607432499527931, -0.10072453320026398, -0.9933329224586487, 0.15494216978549957, 0.9839077591896057, -0.08898582309484482),
mat3(0.9519549608230591, -0.2944193184375763, 0.08425558358430862, -0.029041308909654617, 0.18709887564182281, 0.9819117188453674, 0.3046320378780365, 0.9372276663780212, -0.16971616446971893),
mat3(0.42124661803245544, -0.6877748966217041, -0.5911995768547058, 0.9069461226463318, 0.31944897770881653, 0.2745925188064575, 0, 0.6373953223228455, -0.7705369591712952),
mat3(-0.9873861074447632, -0.14206081628799438, 0.06990964710712433, 0.027336936444044113, -0.5878716111183167, -0.8084921836853027, -0.15458208322525024, 0.7926112413406372, -0.5898066163063049),
mat3(0.4809146523475647, 0.4555101692676544, 0.7491539120674133, -0.8627859950065613, 0.39785054326057434, 0.3119538724422455, 0.15458208322525024, 0.7926111817359924, -0.5898066163063049),
mat3(-0.4987940192222595, -0.57448810338974, -0.6489745378494263, 0.8667205572128296, -0.33061549067497253, -0.3734820783138275, 0, 0.748954713344574, -0.6626211404800415),
mat3(-0.4809854030609131, 0.16048216819763184, 0.8619155883789062, -0.8767285943031311, -0.08804231882095337, -0.47285887598991394, 0, 0.983984649181366, -0.17825333774089813),
mat3(0.9873888492584229, -0.15249212086200714, 0.04253776744008064, 0.028606731444597244, 0.43612581491470337, 0.8994308710098267, 0.15985800325870514, 0.8851869702339172, -0.436909019947052),
mat3(-0.5064035654067993, -0.44975799322128296, -0.7357127070426941, 0.8481216430664062, -0.10572274774312973, -0.5191457867622375, -0.15985798835754395, 0.8851869702339172, -0.4369089901447296),
mat3(0.5, 0.3090173006057739, 0.8090168833732605, -0.8660253882408142, 0.17841123044490814, 0.4670861065387726, 0, 0.9341723322868347, -0.35682207345962524),
mat3(-0.179598867893219, 0.05513285845518112, 0.9821937680244446, -0.8086054921150208, -0.5769080519676208, -0.11547420173883438, -0.5568066835403442, 0.8203434944152832, -0.13039515912532806),
mat3(0.8914459347724915, 0.39323556423187256, -0.225144162774086, 0.021981969475746155, 0.4587530493736267, 0.8882918953895569, -0.45350635051727295, 0.7993849515914917, -0.3941011428833008),
mat3(-0.38532206416130066, -0.7057751417160034, -0.5944815278053284, 0.5954822897911072, 0.30195945501327515, -0.74446040391922, -0.7036253809928894, 0.6448028683662415, -0.29856419563293457),
mat3(0.4902327060699463, 0.5969019532203674, 0.6351220011711121, -0.6512961983680725, -0.23337265849113464, 0.7220460176467896, -0.5792385935783386, 0.7675114870071411, -0.2746065557003021),
mat3(0.9821937680244446, 0.179598867893219, -0.05513285845518112, -0.11547420173883438, 0.8086054921150208, 0.5769080519676208, -0.13039515912532806, 0.5568066835403442, -0.8203434944152832),
mat3(-0.225144162774086, -0.8914459347724915, -0.39323556423187256, 0.8882918953895569, -0.021981969475746155, -0.4587530493736267, -0.3941011428833008, 0.45350635051727295, -0.7993849515914917),
mat3(-0.5944815278053284, 0.38532206416130066, 0.7057751417160034, -0.74446040391922, -0.5954822897911072, -0.30195945501327515, -0.29856419563293457, 0.7036253809928894, -0.6448028683662415),
mat3(0.6351220011711121, -0.4902327060699463, -0.5969019532203674, 0.7220460176467896, 0.6512961983680725, 0.23337265849113464, -0.2746065557003021, 0.5792385935783386, -0.7675114870071411),
mat3(-0.05513285845518112, -0.9821937680244446, -0.179598867893219, 0.5769080519676208, 0.11547420173883438, -0.8086054921150208, -0.8203434944152832, 0.13039515912532806, -0.5568066835403442),
mat3(-0.39323556423187256, 0.225144162774086, 0.8914459347724915, -0.4587530493736267, -0.8882918953895569, 0.021981969475746155, -0.7993849515914917, 0.3941011428833008, -0.45350635051727295),
mat3(0.7057751417160034, 0.5944815278053284, -0.38532206416130066, -0.30195945501327515, 0.74446040391922, 0.5954822897911072, -0.6448028683662415, 0.29856419563293457, -0.7036253809928894),
mat3(-0.5969019532203674, -0.6351220011711121, 0.4902327060699463, 0.23337265849113464, -0.7220460176467896, -0.6512961983680725, -0.7675114870071411, 0.2746065557003021, -0.5792385935783386),
mat3(0.40721985697746277, 0.7094232439994812, 0.5752310156822205, -0.7937085628509521, -0.03673343360424042, 0.6071881055831909, -0.44827795028686523, 0.7069336175918579, -0.547075629234314),
mat3(0.5752310156822205, -0.40721985697746277, -0.7094232439994812, 0.6071881055831909, 0.7937085628509521, 0.03673343360424042, -0.547075629234314, 0.44827795028686523, -0.7069336175918579),
mat3(-0.7094232439994812, -0.5752310156822205, 0.40721985697746277, 0.03673343360424042, -0.6071881055831909, -0.7937085628509521, -0.7069336175918579, 0.547075629234314, -0.44827795028686523),
mat3(0.80901700258255, 0.5, -0.3090169429779053, -0.1102641224861145, 0.64549720287323, 0.7557613253593445, -0.5773502588272095, 0.5773502588272095, -0.5773502588272095),
mat3(0.6877748966217041, 0.5911995768547058, 0.42124661803245544, -0.31944897770881653, -0.2745925188064575, 0.9069461226463318, -0.6373953223228455, 0.7705369591712952, 0),
mat3(0.14206081628799438, -0.06990964710712433, -0.9873861074447632, 0.5878716111183167, 0.8084921836853027, 0.027336936444044113, -0.7926112413406372, 0.5898066163063049, -0.15458208322525024),
mat3(-0.4555101692676544, -0.7491539120674133, 0.4809146523475647, -0.39785054326057434, -0.3119538724422455, -0.8627859950065613, -0.7926111817359924, 0.5898066163063049, 0.15458208322525024),
mat3(0.57448810338974, 0.6489745378494263, -0.4987940192222595, 0.33061549067497253, 0.3734820783138275, 0.8667205572128296, -0.748954713344574, 0.6626211404800415, 0),
mat3(0.3909950256347656, -0.18578258156776428, -0.901447594165802, 0.15911880135536194, 0.9783130288124084, -0.13260766863822937, -0.9009321331977844, 0.08058863878250122, -0.426411509513855),
mat3(-0.15523460507392883, -0.8482392430305481, 0.5063520073890686, 0.07979951798915863, -0.5216576457023621, -0.8494147062301636, -0.9839077591896057, 0.08898582309484482, -0.15494216978549957),
mat3(0.1546722799539566, 0.8483245968818665, 0.5063811540603638, -0.4325065016746521, -0.4026840627193451, 0.8067116141319275, -0.8883707523345947, 0.33910486102104187, -0.3095242381095886),
mat3(-0.013852397911250591, -0.891321063041687, -0.4531610310077667, 0.34856390953063965, 0.4204716384410858, -0.8376794457435608, -0.937227725982666, 0.16971616446971893, -0.3046320080757141),
mat3(0.13064971566200256, -0.8673739433288574, 0.4802010953426361, -0.40140506625175476, -0.48915648460388184, -0.7743383646011353, -0.9009321331977844, 0.08058864623308182, 0.42641153931617737),
mat3(0.4550034701824188, 0.7493851184844971, 0.4810340404510498, 0.06290442496538162, -0.5658895373344421, 0.8220778703689575, -0.8883707523345947, 0.33910486102104187, 0.3095242381095886),
mat3(-0.1425493210554123, 0.07018812000751495, -0.9872959852218628, 0.10072453320026398, 0.9933329224586487, 0.05607432499527931, -0.9839077591896057, 0.08898582309484482, 0.15494216978549957),
mat3(0.2944193184375763, -0.08425558358430862, 0.9519549608230591, -0.18709887564182281, -0.9819117188453674, -0.029041308909654617, -0.9372276663780212, 0.16971616446971893, 0.3046320378780365),
mat3(0.44975799322128296, 0.7357127070426941, -0.5064035654067993, 0.10572274774312973, 0.5191457867622375, 0.8481216430664062, -0.8851869702339172, 0.4369089901447296, -0.15985798835754395),
mat3(-0.16048216819763184, -0.8619155883789062, -0.4809854030609131, 0.08804231882095337, 0.47285887598991394, -0.8767285943031311, -0.983984649181366, 0.17825333774089813, 0),
mat3(0.15249212086200714, -0.04253776744008064, 0.9873888492584229, -0.43612581491470337, -0.8994308710098267, 0.028606731444597244, -0.8851869702339172, 0.436909019947052, 0.15985800325870514),
mat3(-2.5180983698191994e-7, 9.618278085099519e-8, -1, 0.35682201385498047, 0.9341723918914795, 0, -0.9341723322868347, 0.35682207345962524, 0),
mat3(0.179598867893219, 0.05513285845518112, -0.9821937680244446, 0.8086054921150208, -0.5769080519676208, 0.11547420173883438, 0.5568066835403442, 0.8203434944152832, 0.13039515912532806),
mat3(-0.8914459347724915, 0.39323556423187256, 0.225144162774086, -0.021981969475746155, 0.4587530493736267, -0.8882918953895569, 0.45350635051727295, 0.7993849515914917, 0.3941011428833008),
mat3(0.38532206416130066, -0.7057751417160034, 0.5944815278053284, -0.5954822897911072, 0.30195945501327515, 0.74446040391922, 0.7036253809928894, 0.6448028683662415, 0.29856419563293457),
mat3(-0.4902327060699463, 0.5969019532203674, -0.6351220011711121, 0.6512961983680725, -0.23337265849113464, -0.7220460176467896, 0.5792385935783386, 0.7675114870071411, 0.2746065557003021),
mat3(-0.9821937680244446, 0.179598867893219, 0.05513285845518112, 0.11547420173883438, 0.8086054921150208, -0.5769080519676208, 0.13039515912532806, 0.5568066835403442, 0.8203434944152832),
mat3(0.225144162774086, -0.8914459347724915, 0.39323556423187256, -0.8882918953895569, -0.021981969475746155, 0.4587530493736267, 0.3941011428833008, 0.45350635051727295, 0.7993849515914917),
mat3(0.5944815278053284, 0.38532206416130066, -0.7057751417160034, 0.74446040391922, -0.5954822897911072, 0.30195945501327515, 0.29856419563293457, 0.7036253809928894, 0.6448028683662415),
mat3(-0.6351220011711121, -0.4902327060699463, 0.5969019532203674, -0.7220460176467896, 0.6512961983680725, -0.23337265849113464, 0.2746065557003021, 0.5792385935783386, 0.7675114870071411),
mat3(0.05513285845518112, -0.9821937680244446, 0.179598867893219, -0.5769080519676208, 0.11547420173883438, 0.8086054921150208, 0.8203434944152832, 0.13039515912532806, 0.5568066835403442),
mat3(0.39323556423187256, 0.225144162774086, -0.8914459347724915, 0.4587530493736267, -0.8882918953895569, -0.021981969475746155, 0.7993849515914917, 0.3941011428833008, 0.45350635051727295),
mat3(-0.7057751417160034, 0.5944815278053284, 0.38532206416130066, 0.30195945501327515, 0.74446040391922, -0.5954822897911072, 0.6448028683662415, 0.29856419563293457, 0.7036253809928894),
mat3(0.5969019532203674, -0.6351220011711121, -0.4902327060699463, -0.23337265849113464, -0.7220460176467896, 0.6512961983680725, 0.7675114870071411, 0.2746065557003021, 0.5792385935783386),
mat3(-0.40721985697746277, 0.7094232439994812, -0.5752310156822205, 0.7937085628509521, -0.03673343360424042, -0.6071881055831909, 0.44827795028686523, 0.7069336175918579, 0.547075629234314),
mat3(-0.5752310156822205, -0.40721985697746277, 0.7094232439994812, -0.6071881055831909, 0.7937085628509521, -0.03673343360424042, 0.547075629234314, 0.44827795028686523, 0.7069336175918579),
mat3(0.7094232439994812, -0.5752310156822205, -0.40721985697746277, -0.03673343360424042, -0.6071881055831909, 0.7937085628509521, 0.7069336175918579, 0.547075629234314, 0.44827795028686523),
mat3(-0.80901700258255, 0.5, 0.3090169429779053, 0.1102641224861145, 0.64549720287323, -0.7557613253593445, 0.5773502588272095, 0.5773502588272095, 0.5773502588272095),
mat3(0.8673739433288574, 0.4802010953426361, -0.13064971566200256, 0.48915648460388184, -0.7743383646011353, 0.40140506625175476, -0.08058864623308182, 0.42641153931617737, 0.9009321331977844),
mat3(-0.7493851184844971, 0.4810340404510498, -0.4550034701824188, 0.5658895373344421, 0.8220778703689575, -0.06290442496538162, -0.33910486102104187, 0.3095242381095886, 0.8883707523345947),
mat3(-0.07018812000751495, -0.9872959852218628, 0.1425493210554123, -0.9933329224586487, 0.05607432499527931, -0.10072453320026398, -0.08898582309484482, 0.15494216978549957, 0.9839077591896057),
mat3(0.08425558358430862, 0.9519549608230591, -0.2944193184375763, 0.9819117188453674, -0.029041308909654617, 0.18709887564182281, -0.16971616446971893, 0.3046320378780365, 0.9372276663780212),
mat3(-0.5911995768547058, 0.42124661803245544, -0.6877748966217041, 0.2745925188064575, 0.9069461226463318, 0.31944897770881653, -0.7705369591712952, 0, 0.6373953223228455),
mat3(0.06990964710712433, -0.9873861074447632, -0.14206081628799438, -0.8084921836853027, 0.027336936444044113, -0.5878716111183167, -0.5898066163063049, -0.15458208322525024, 0.7926112413406372),
mat3(0.7491539120674133, 0.4809146523475647, 0.4555101692676544, 0.3119538724422455, -0.8627859950065613, 0.39785054326057434, -0.5898066163063049, 0.15458208322525024, 0.7926111817359924),
mat3(-0.6489745378494263, -0.4987940192222595, -0.57448810338974, -0.3734820783138275, 0.8667205572128296, -0.33061549067497253, -0.6626211404800415, 0, 0.748954713344574),
mat3(0.18578258156776428, -0.901447594165802, -0.3909950256347656, -0.9783130288124084, -0.13260766863822937, -0.15911880135536194, -0.08058863878250122, -0.426411509513855, 0.9009321331977844),
mat3(0.8482392430305481, 0.5063520073890686, 0.15523460507392883, 0.5216576457023621, -0.8494147062301636, -0.07979951798915863, -0.08898582309484482, -0.15494216978549957, 0.9839077591896057),
mat3(-0.8483245968818665, 0.5063811540603638, -0.1546722799539566, 0.4026840627193451, 0.8067116141319275, 0.4325065016746521, -0.33910486102104187, -0.3095242381095886, 0.8883707523345947),
mat3(0.891321063041687, -0.4531610310077667, 0.013852397911250591, -0.4204716384410858, -0.8376794457435608, -0.34856390953063965, -0.16971616446971893, -0.3046320080757141, 0.937227725982666),
mat3(0.04253776744008064, 0.9873888492584229, -0.15249212086200714, 0.8994308710098267, 0.028606731444597244, 0.43612581491470337, -0.436909019947052, 0.15985800325870514, 0.8851869702339172),
mat3(-0.7357127070426941, -0.5064035654067993, -0.44975799322128296, -0.5191457867622375, 0.8481216430664062, -0.10572274774312973, -0.4369089901447296, -0.15985798835754395, 0.8851869702339172),
mat3(0.8619155883789062, -0.4809854030609131, 0.16048216819763184, -0.47285887598991394, -0.8767285943031311, -0.08804231882095337, -0.17825333774089813, 0, 0.983984649181366),
mat3(-0.8090170621871948, 0.5, -0.30901679396629333, 0.4670861065387726, 0.8660253882408142, 0.17841123044490814, -0.35682207345962524, 0, 0.9341723322868347),
mat3(0.3909950256347656, 0.18578258156776428, 0.901447594165802, 0.15911880135536194, -0.9783130288124084, 0.13260766863822937, -0.9009321331977844, -0.08058863878250122, 0.426411509513855),
mat3(-0.15523460507392883, 0.8482392430305481, -0.5063520073890686, 0.07979951798915863, 0.5216576457023621, 0.8494147062301636, -0.9839077591896057, -0.08898582309484482, 0.15494216978549957),
mat3(0.1546722799539566, -0.8483245968818665, -0.5063811540603638, -0.4325065016746521, 0.4026840627193451, -0.8067116141319275, -0.8883707523345947, -0.33910486102104187, 0.3095242381095886),
mat3(-0.013852397911250591, 0.891321063041687, 0.4531610310077667, 0.34856390953063965, -0.4204716384410858, 0.8376794457435608, -0.937227725982666, -0.16971616446971893, 0.3046320080757141),
mat3(0.13064971566200256, 0.8673739433288574, -0.4802010953426361, -0.40140506625175476, 0.48915648460388184, 0.7743383646011353, -0.9009321331977844, -0.08058864623308182, -0.42641153931617737),
mat3(0.4550034701824188, -0.7493851184844971, -0.4810340404510498, 0.06290442496538162, 0.5658895373344421, -0.8220778703689575, -0.8883707523345947, -0.33910486102104187, -0.3095242381095886),
mat3(-0.1425493210554123, -0.07018812000751495, 0.9872959852218628, 0.10072453320026398, -0.9933329224586487, -0.05607432499527931, -0.9839077591896057, -0.08898582309484482, -0.15494216978549957),
mat3(0.2944193184375763, 0.08425558358430862, -0.9519549608230591, -0.18709887564182281, 0.9819117188453674, 0.029041308909654617, -0.9372276663780212, -0.16971616446971893, -0.3046320378780365),
mat3(0.6877748966217041, -0.5911995768547058, -0.42124661803245544, -0.31944897770881653, 0.2745925188064575, -0.9069461226463318, -0.6373953223228455, -0.7705369591712952, 0),
mat3(0.14206081628799438, 0.06990964710712433, 0.9873861074447632, 0.5878716111183167, -0.8084921836853027, -0.027336936444044113, -0.7926112413406372, -0.5898066163063049, 0.15458208322525024),
mat3(-0.4555101692676544, 0.7491539120674133, -0.4809146523475647, -0.39785054326057434, 0.3119538724422455, 0.8627859950065613, -0.7926111817359924, -0.5898066163063049, -0.15458208322525024),
mat3(0.57448810338974, -0.6489745378494263, 0.4987940192222595, 0.33061549067497253, -0.3734820783138275, -0.8667205572128296, -0.748954713344574, -0.6626211404800415, 0),
mat3(-0.16048216819763184, 0.8619155883789062, 0.4809854030609131, 0.08804231882095337, -0.47285887598991394, 0.8767285943031311, -0.983984649181366, -0.17825333774089813, 0),
mat3(0.15249212086200714, 0.04253776744008064, -0.9873888492584229, -0.43612581491470337, 0.8994308710098267, -0.028606731444597244, -0.8851869702339172, -0.436909019947052, -0.15985800325870514),
mat3(0.44975799322128296, -0.7357127070426941, 0.5064035654067993, 0.10572274774312973, -0.5191457867622375, -0.8481216430664062, -0.8851869702339172, -0.4369089901447296, 0.15985798835754395),
mat3(-0.3090173006057739, 0.8090168833732605, -0.5, -0.17841123044490814, 0.4670861065387726, 0.8660253882408142, -0.9341723322868347, -0.35682207345962524, 0),
mat3(-0.5911995768547058, -0.42124661803245544, 0.6877748966217041, 0.2745925188064575, -0.9069461226463318, -0.31944897770881653, -0.7705369591712952, 0, -0.6373953223228455),
mat3(0.06990964710712433, 0.9873861074447632, 0.14206081628799438, -0.8084921836853027, -0.027336936444044113, 0.5878716111183167, -0.5898066163063049, 0.15458208322525024, -0.7926112413406372),
mat3(0.7491539120674133, -0.4809146523475647, -0.4555101692676544, 0.3119538724422455, 0.8627859950065613, -0.39785054326057434, -0.5898066163063049, -0.15458208322525024, -0.7926111817359924),
mat3(-0.6489745378494263, 0.4987940192222595, 0.57448810338974, -0.3734820783138275, -0.8667205572128296, 0.33061549067497253, -0.6626211404800415, 0, -0.748954713344574),
mat3(0.18578258156776428, 0.901447594165802, 0.3909950256347656, -0.9783130288124084, 0.13260766863822937, 0.15911880135536194, -0.08058863878250122, 0.426411509513855, -0.9009321331977844),
mat3(0.8482392430305481, -0.5063520073890686, -0.15523460507392883, 0.5216576457023621, 0.8494147062301636, 0.07979951798915863, -0.08898582309484482, 0.15494216978549957, -0.9839077591896057),
mat3(-0.8483245968818665, -0.5063811540603638, 0.1546722799539566, 0.4026840627193451, -0.8067116141319275, -0.4325065016746521, -0.33910486102104187, 0.3095242381095886, -0.8883707523345947),
mat3(0.891321063041687, 0.4531610310077667, -0.013852397911250591, -0.4204716384410858, 0.8376794457435608, 0.34856390953063965, -0.16971616446971893, 0.3046320080757141, -0.937227725982666),
mat3(0.8673739433288574, -0.4802010953426361, 0.13064971566200256, 0.48915648460388184, 0.7743383646011353, -0.40140506625175476, -0.08058864623308182, -0.42641153931617737, -0.9009321331977844),
mat3(-0.7493851184844971, -0.4810340404510498, 0.4550034701824188, 0.5658895373344421, -0.8220778703689575, 0.06290442496538162, -0.33910486102104187, -0.3095242381095886, -0.8883707523345947),
mat3(-0.07018812000751495, 0.9872959852218628, -0.1425493210554123, -0.9933329224586487, -0.05607432499527931, 0.10072453320026398, -0.08898582309484482, -0.15494216978549957, -0.9839077591896057),
mat3(0.08425558358430862, -0.9519549608230591, 0.2944193184375763, 0.9819117188453674, 0.029041308909654617, -0.18709887564182281, -0.16971616446971893, -0.3046320378780365, -0.9372276663780212),
mat3(-0.7357127070426941, 0.5064035654067993, 0.44975799322128296, -0.5191457867622375, -0.8481216430664062, 0.10572274774312973, -0.4369089901447296, 0.15985798835754395, -0.8851869702339172),
mat3(0.8619155883789062, 0.4809854030609131, -0.16048216819763184, -0.47285887598991394, 0.8767285943031311, 0.08804231882095337, -0.17825333774089813, 0, -0.983984649181366),
mat3(0.04253776744008064, -0.9873888492584229, 0.15249212086200714, 0.8994308710098267, -0.028606731444597244, -0.43612581491470337, -0.436909019947052, -0.15985800325870514, -0.8851869702339172),
mat3(-9.618278085099519e-8, 1, -2.5180983698191994e-7, -0.9341723918914795, 0, 0.35682201385498047, -0.35682207345962524, 0, -0.9341723322868347),
mat3(-0.7218490839004517, -0.5019924640655518, -0.47637951374053955, 0.6759976148605347, -0.6588641405105591, -0.3300382196903229, 0.13039515912532806, 0.5568066835403442, -0.8203434944152832),
mat3(-0.38509365916252136, 0.706178605556488, 0.5941503643989563, -0.8713967204093933, -0.06621380895376205, -0.4860900342464447, 0.29856419563293457, 0.7036253809928894, -0.6448028683662415),
mat3(0.8917030096054077, -0.3928147256374359, 0.2248607724905014, 0.21122930943965912, 0.8005345463752747, 0.5608267784118652, 0.3941011428833008, 0.45350635051727295, -0.7993849515914917),
mat3(-0.9433937072753906, 0.31683292984962463, -0.09810792654752731, -0.18638309836387634, -0.7510870695114136, -0.6333479285240173, 0.2746065557003021, 0.5792385935783386, -0.7675114870071411),
mat3(-0.5019924640655518, 0.47637951374053955, 0.7218490839004517, -0.6588641405105591, 0.3300382196903229, -0.6759976148605347, 0.5568066835403442, 0.8203434944152832, -0.13039515912532806),
mat3(0.706178605556488, -0.5941503643989563, 0.38509365916252136, -0.06621380895376205, 0.4860900342464447, 0.8713967204093933, 0.7036253809928894, 0.6448028683662415, -0.29856419563293457),
mat3(-0.3928147256374359, -0.2248607724905014, -0.8917030096054077, 0.8005345463752747, -0.5608267784118652, -0.21122930943965912, 0.45350635051727295, 0.7993849515914917, -0.3941011428833008),
mat3(0.31683292984962463, 0.09810792654752731, 0.9433937072753906, -0.7510870695114136, 0.6333479285240173, 0.18638309836387634, 0.5792385935783386, 0.7675114870071411, -0.2746065557003021),
mat3(0.47637951374053955, -0.7218490839004517, 0.5019924640655518, 0.3300382196903229, 0.6759976148605347, 0.6588641405105591, 0.8203434944152832, 0.13039515912532806, -0.5568066835403442),
mat3(-0.5941503643989563, -0.38509365916252136, -0.706178605556488, 0.4860900342464447, -0.8713967204093933, 0.06621380895376205, 0.6448028683662415, 0.29856419563293457, -0.7036253809928894),
mat3(-0.2248607724905014, 0.8917030096054077, 0.3928147256374359, -0.5608267784118652, 0.21122930943965912, -0.8005345463752747, 0.7993849515914917, 0.3941011428833008, -0.45350635051727295),
mat3(0.09810792654752731, -0.9433937072753906, -0.31683292984962463, 0.6333479285240173, -0.18638309836387634, 0.7510870695114136, 0.7675114870071411, 0.2746065557003021, -0.5792385935783386),
mat3(-0.8882054090499878, 0.41215789318084717, -0.203019917011261, -0.08302005380392075, -0.5785813927650452, -0.8113884925842285, 0.44827795028686523, 0.7069336175918579, -0.547075629234314),
mat3(0.41215789318084717, 0.203019917011261, 0.8882054090499878, -0.5785813927650452, 0.8113884925842285, 0.08302005380392075, 0.7069336175918579, 0.547075629234314, -0.44827795028686523),
mat3(0.203019917011261, -0.8882054090499878, -0.41215789318084717, 0.8113884925842285, -0.08302005380392075, 0.5785813927650452, 0.547075629234314, 0.44827795028686523, -0.7069336175918579),
mat3(-0.3090169429779053, 0.80901700258255, 0.5, -0.7557613253593445, 0.1102641224861145, -0.64549720287323, 0.5773502588272095, 0.5773502588272095, -0.5773502588272095),
mat3(-0.5019924640655518, -0.47637951374053955, -0.7218490839004517, -0.6588641405105591, -0.3300382196903229, 0.6759976148605347, 0.5568066835403442, -0.8203434944152832, 0.13039515912532806),
mat3(0.706178605556488, 0.5941503643989563, -0.38509365916252136, -0.06621380895376205, -0.4860900342464447, -0.8713967204093933, 0.7036253809928894, -0.6448028683662415, 0.29856419563293457),
mat3(-0.3928147256374359, 0.2248607724905014, 0.8917030096054077, 0.8005345463752747, 0.5608267784118652, 0.21122930943965912, 0.45350635051727295, -0.7993849515914917, 0.3941011428833008),
mat3(0.31683292984962463, -0.09810792654752731, -0.9433937072753906, -0.7510870695114136, -0.6333479285240173, -0.18638309836387634, 0.5792385935783386, -0.7675114870071411, 0.2746065557003021),
mat3(0.47637951374053955, 0.7218490839004517, -0.5019924640655518, 0.3300382196903229, -0.6759976148605347, -0.6588641405105591, 0.8203434944152832, -0.13039515912532806, 0.5568066835403442),
mat3(-0.5941503643989563, 0.38509365916252136, 0.706178605556488, 0.4860900342464447, 0.8713967204093933, -0.06621380895376205, 0.6448028683662415, -0.29856419563293457, 0.7036253809928894),
mat3(-0.2248607724905014, -0.8917030096054077, -0.3928147256374359, -0.5608267784118652, -0.21122930943965912, 0.8005345463752747, 0.7993849515914917, -0.3941011428833008, 0.45350635051727295),
mat3(0.09810792654752731, 0.9433937072753906, 0.31683292984962463, 0.6333479285240173, 0.18638309836387634, -0.7510870695114136, 0.7675114870071411, -0.2746065557003021, 0.5792385935783386),
mat3(-0.7218490839004517, 0.5019924640655518, 0.47637951374053955, 0.6759976148605347, 0.6588641405105591, 0.3300382196903229, 0.13039515912532806, -0.5568066835403442, 0.8203434944152832),
mat3(-0.38509365916252136, -0.706178605556488, -0.5941503643989563, -0.8713967204093933, 0.06621380895376205, 0.4860900342464447, 0.29856419563293457, -0.7036253809928894, 0.6448028683662415),
mat3(0.8917030096054077, 0.3928147256374359, -0.2248607724905014, 0.21122930943965912, -0.8005345463752747, -0.5608267784118652, 0.3941011428833008, -0.45350635051727295, 0.7993849515914917),
mat3(-0.9433937072753906, -0.31683292984962463, 0.09810792654752731, -0.18638309836387634, 0.7510870695114136, 0.6333479285240173, 0.2746065557003021, -0.5792385935783386, 0.7675114870071411),
mat3(0.41215789318084717, -0.203019917011261, -0.8882054090499878, -0.5785813927650452, -0.8113884925842285, -0.08302005380392075, 0.7069336175918579, -0.547075629234314, 0.44827795028686523),
mat3(0.203019917011261, 0.8882054090499878, 0.41215789318084717, 0.8113884925842285, 0.08302005380392075, -0.5785813927650452, 0.547075629234314, -0.44827795028686523, 0.7069336175918579),
mat3(-0.8882054090499878, -0.41215789318084717, 0.203019917011261, -0.08302005380392075, 0.5785813927650452, 0.8113884925842285, 0.44827795028686523, -0.7069336175918579, 0.547075629234314),
mat3(0.80901700258255, 0.5, -0.3090169429779053, 0.1102641224861145, -0.64549720287323, -0.7557613253593445, 0.5773502588272095, -0.5773502588272095, 0.5773502588272095),
mat3(0.4802010953426361, 0.13064971566200256, -0.8673739433288574, -0.7743383646011353, -0.40140506625175476, -0.48915648460388184, 0.42641153931617737, -0.9009321331977844, 0.08058864623308182),
mat3(0.4810340404510498, 0.4550034701824188, 0.7493851184844971, 0.8220778703689575, 0.06290442496538162, -0.5658895373344421, 0.3095242381095886, -0.8883707523345947, 0.33910486102104187),
mat3(-0.9872959852218628, -0.1425493210554123, 0.07018812000751495, 0.05607432499527931, 0.10072453320026398, 0.9933329224586487, 0.15494216978549957, -0.9839077591896057, 0.08898582309484482),
mat3(0.9519549608230591, 0.2944193184375763, -0.08425558358430862, -0.029041308909654617, -0.18709887564182281, -0.9819117188453674, 0.3046320378780365, -0.9372276663780212, 0.16971616446971893),
mat3(0.42124661803245544, 0.6877748966217041, 0.5911995768547058, 0.9069461226463318, -0.31944897770881653, -0.2745925188064575, 0, -0.6373953223228455, 0.7705369591712952),
mat3(-0.9873861074447632, 0.14206081628799438, -0.06990964710712433, 0.027336936444044113, 0.5878716111183167, 0.8084921836853027, -0.15458208322525024, -0.7926112413406372, 0.5898066163063049),
mat3(0.4809146523475647, -0.4555101692676544, -0.7491539120674133, -0.8627859950065613, -0.39785054326057434, -0.3119538724422455, 0.15458208322525024, -0.7926111817359924, 0.5898066163063049),
mat3(-0.4987940192222595, 0.57448810338974, 0.6489745378494263, 0.8667205572128296, 0.33061549067497253, 0.3734820783138275, 0, -0.748954713344574, 0.6626211404800415),
mat3(-0.901447594165802, 0.3909950256347656, -0.18578258156776428, -0.13260766863822937, 0.15911880135536194, 0.9783130288124084, -0.426411509513855, -0.9009321331977844, 0.08058863878250122),
mat3(0.5063520073890686, -0.15523460507392883, -0.8482392430305481, -0.8494147062301636, 0.07979951798915863, -0.5216576457023621, -0.15494216978549957, -0.9839077591896057, 0.08898582309484482),
mat3(0.5063811540603638, 0.1546722799539566, 0.8483245968818665, 0.8067116141319275, -0.4325065016746521, -0.4026840627193451, -0.3095242381095886, -0.8883707523345947, 0.33910486102104187),
mat3(-0.4531610310077667, -0.013852397911250591, -0.891321063041687, -0.8376794457435608, 0.34856390953063965, 0.4204716384410858, -0.3046320080757141, -0.937227725982666, 0.16971616446971893),
mat3(0.9873888492584229, 0.15249212086200714, -0.04253776744008064, 0.028606731444597244, -0.43612581491470337, -0.8994308710098267, 0.15985800325870514, -0.8851869702339172, 0.436909019947052),
mat3(-0.5064035654067993, 0.44975799322128296, 0.7357127070426941, 0.8481216430664062, 0.10572274774312973, 0.5191457867622375, -0.15985798835754395, -0.8851869702339172, 0.4369089901447296),
mat3(-0.4809854030609131, -0.16048216819763184, -0.8619155883789062, -0.8767285943031311, 0.08804231882095337, 0.47285887598991394, 0, -0.983984649181366, 0.17825333774089813),
mat3(0.5, 0.30901679396629333, 0.8090170621871948, 0.8660253882408142, -0.17841123044490814, -0.4670861065387726, 0, -0.9341723322868347, 0.35682207345962524),
mat3(0.901447594165802, 0.3909950256347656, 0.18578258156776428, 0.13260766863822937, 0.15911880135536194, -0.9783130288124084, 0.426411509513855, -0.9009321331977844, -0.08058863878250122),
mat3(-0.5063520073890686, -0.15523460507392883, 0.8482392430305481, 0.8494147062301636, 0.07979951798915863, 0.5216576457023621, 0.15494216978549957, -0.9839077591896057, -0.08898582309484482),
mat3(-0.5063811540603638, 0.1546722799539566, -0.8483245968818665, -0.8067116141319275, -0.4325065016746521, 0.4026840627193451, 0.3095242381095886, -0.8883707523345947, -0.33910486102104187),
mat3(0.4531610310077667, -0.013852397911250591, 0.891321063041687, 0.8376794457435608, 0.34856390953063965, -0.4204716384410858, 0.3046320080757141, -0.937227725982666, -0.16971616446971893),
mat3(-0.4802010953426361, 0.13064971566200256, 0.8673739433288574, 0.7743383646011353, -0.40140506625175476, 0.48915648460388184, -0.42641153931617737, -0.9009321331977844, -0.08058864623308182),
mat3(-0.4810340404510498, 0.4550034701824188, -0.7493851184844971, -0.8220778703689575, 0.06290442496538162, 0.5658895373344421, -0.3095242381095886, -0.8883707523345947, -0.33910486102104187),
mat3(0.9872959852218628, -0.1425493210554123, -0.07018812000751495, -0.05607432499527931, 0.10072453320026398, -0.9933329224586487, -0.15494216978549957, -0.9839077591896057, -0.08898582309484482),
mat3(-0.9519549608230591, 0.2944193184375763, 0.08425558358430862, 0.029041308909654617, -0.18709887564182281, 0.9819117188453674, -0.3046320378780365, -0.9372276663780212, -0.16971616446971893),
mat3(-0.42124661803245544, 0.6877748966217041, -0.5911995768547058, -0.9069461226463318, -0.31944897770881653, 0.2745925188064575, 0, -0.6373953223228455, -0.7705369591712952),
mat3(0.9873861074447632, 0.14206081628799438, 0.06990964710712433, -0.027336936444044113, 0.5878716111183167, -0.8084921836853027, 0.15458208322525024, -0.7926112413406372, -0.5898066163063049),
mat3(-0.4809146523475647, -0.4555101692676544, 0.7491539120674133, 0.8627859950065613, -0.39785054326057434, 0.3119538724422455, -0.15458208322525024, -0.7926111817359924, -0.5898066163063049),
mat3(0.4987940192222595, 0.57448810338974, -0.6489745378494263, -0.8667205572128296, 0.33061549067497253, -0.3734820783138275, 0, -0.748954713344574, -0.6626211404800415),
mat3(0.4809854030609131, -0.16048216819763184, 0.8619155883789062, 0.8767285943031311, 0.08804231882095337, -0.47285887598991394, 0, -0.983984649181366, -0.17825333774089813),
mat3(-0.9873888492584229, 0.15249212086200714, 0.04253776744008064, -0.028606731444597244, -0.43612581491470337, 0.8994308710098267, -0.15985800325870514, -0.8851869702339172, -0.436909019947052),
mat3(0.5064035654067993, 0.44975799322128296, -0.7357127070426941, -0.8481216430664062, 0.10572274774312973, -0.5191457867622375, 0.15985798835754395, -0.8851869702339172, -0.4369089901447296),
mat3(-0.5, -0.3090173006057739, 0.8090168833732605, 0.8660253882408142, -0.17841123044490814, 0.4670861065387726, 0, -0.9341723322868347, -0.35682207345962524),
mat3(0.179598867893219, -0.05513285845518112, 0.9821937680244446, 0.8086054921150208, 0.5769080519676208, -0.11547420173883438, 0.5568066835403442, -0.8203434944152832, -0.13039515912532806),
mat3(-0.8914459347724915, -0.39323556423187256, -0.225144162774086, -0.021981969475746155, -0.4587530493736267, 0.8882918953895569, 0.45350635051727295, -0.7993849515914917, -0.3941011428833008),
mat3(0.38532206416130066, 0.7057751417160034, -0.5944815278053284, -0.5954822897911072, -0.30195945501327515, -0.74446040391922, 0.7036253809928894, -0.6448028683662415, -0.29856419563293457),
