mat3(0.30901721119880676, 0.7557613253593445, -0.5773501396179199, 0.8090169429779053, 0.11026383936405182, 0.577350378036499, -0.49999991059303284, 0.6454972624778748, 0.5773503184318542),
mat3(-0.8090171217918396, -0.4999999403953552, -0.3090168237686157, -0.11026425659656525, 0.6454972624778748, -0.7557612061500549, -0.5773500800132751, 0.5773502588272095, 0.5773504376411438),
mat3(0.5000002384185791, -0.30901703238487244, 0.8090168237686157, -0.6454970240592957, -0.7557615041732788, 0.11026404052972794, -0.5773503184318542, 0.5773500204086304, 0.5773504972457886),
mat3(-0.5000001192092896, 0.309017151594162, -0.8090168833732605, 0.6454972624778748, 0.7557613253593445, -0.11026407778263092, -0.5773501396179199, 0.5773501992225647, 0.5773504376411438),
mat3(-0.8090169429779053, -0.49999991059303284, -0.30901721119880676, -0.11026383936405182, 0.6454972624778748, -0.7557613253593445, -0.577350378036499, 0.5773503184318542, 0.5773501396179199),
mat3(0.4999999403953552, -0.3090168237686157, 0.8090171217918396, -0.6454972624778748, -0.7557612061500549, 0.11026425659656525, -0.5773502588272095, 0.5773504376411438, 0.5773500800132751),
mat3(0.30901703238487244, 0.8090168237686157, -0.5000002384185791, 0.7557615041732788, 0.11026404052972794, 0.6454970240592957, -0.5773500204086304, 0.5773504972457886, 0.5773503184318542),
mat3(-0.309017151594162, -0.8090168833732605, 0.5000001192092896, -0.7557613253593445, -0.11026407778263092, -0.6454972624778748, -0.5773501992225647, 0.5773504376411438, 0.5773501396179199),
mat3(0.49999991059303284, -0.30901721119880676, 0.8090169429779053, -0.6454972624778748, -0.7557613253593445, 0.11026383936405182, -0.5773503184318542, 0.5773501396179199, 0.577350378036499),
mat3(0.3090168237686157, 0.8090171217918396, -0.4999999403953552, 0.7557612061500549, 0.11026425659656525, 0.6454972624778748, -0.5773504376411438, 0.5773500800132751, 0.5773502588272095),
mat3(-0.8090168237686157, -0.5000002384185791, -0.30901703238487244, -0.11026404052972794, 0.6454970240592957, -0.7557615041732788, -0.5773504972457886, 0.5773503184318542, 0.5773500204086304),
mat3(0.8090168833732605, 0.5000001192092896, 0.309017151594162, 0.11026407778263092, -0.6454972624778748, 0.7557613253593445, -0.5773504376411438, 0.5773501396179199, 0.5773501992225647),
mat3(-0.49999988079071045, 0.3090170621871948, -0.8090170621871948, 0.6454973816871643, 0.7557612061500549, -0.11026406288146973, -0.5773502588272095, 0.577350378036499, 0.5773501992225647),
mat3(-0.3090170621871948, -0.8090170621871948, 0.49999988079071045, -0.7557612061500549, -0.11026406288146973, -0.6454973816871643, -0.577350378036499, 0.5773501992225647, 0.5773502588272095),
mat3(0.8090170621871948, 0.49999988079071045, 0.3090170621871948, 0.11026406288146973, -0.6454973816871643, 0.7557612061500549, -0.5773501992225647, 0.5773502588272095, 0.577350378036499),
mat3(-0.8090168833732605, -0.5000001192092896, -0.3090170919895172, -0.11026405543088913, 0.6454971432685852, -0.7557613849639893, -0.5773504376411438, 0.5773502588272095, 0.5773500800132751),
mat3(-0.5, 0.3090168833732605, -0.80901700258255, 0.8660253882408142, 0.17841102182865143, -0.46708619594573975, -2.7840506788834318e-8, 0.9341723918914795, 0.3568219840526581),
mat3(-0.5, -0.3090169429779053, 0.80901700258255, -0.8660253882408142, 0.17841102182865143, -0.46708619594573975, 0, 0.9341723918914795, 0.35682204365730286),
mat3(1, 0, 0, 0, -0.35682204365730286, 0.9341723918914795, 0, 0.9341723918914795, 0.35682204365730286),
mat3(-1, -4.1612531731516356e-7, -1.5894570992713852e-7, 0, 0.35682204365730286, -0.9341723918914795, -4.454481086213491e-7, 0.9341723918914795, 0.35682204365730286),
mat3(-0.49999967217445374, -0.309017539024353, 0.80901700258255, -0.8660255670547485, 0.1784106343984604, -0.46708598732948303, -5.192941898712888e-7, 0.9341722726821899, 0.3568223714828491),
mat3(1, -3.973642748178463e-8, -1.51779619983472e-8, 0, -0.35682204365730286, 0.9341723918914795, 4.2536502320444924e-8, 0.9341723918914795, 0.35682204365730286),
mat3(-0.49999991059303284, 0.30901703238487244, -0.80901700258255, 0.866025447845459, 0.17841102182865143, -0.4670861065387726, 0, 0.9341723322868347, 0.35682210326194763),
mat3(0.5000000596046448, -0.3090168833732605, 0.80901700258255, -0.8660253882408142, -0.17841100692749023, 0.4670862555503845, 0, 0.9341723918914795, 0.3568219542503357),
mat3(1, -2.600782806894131e-7, -9.934115752230355e-8, 0, -0.3568224012851715, 0.9341722130775452, 2.7840502525577904e-7, 0.9341722130775452, 0.3568224012851715),
mat3(-0.5, 0.3090169429779053, -0.80901700258255, 0.8660253882408142, 0.17841102182865143, -0.46708619594573975, 0, 0.9341723918914795, 0.35682204365730286),
mat3(-0.5000001192092896, -0.30901673436164856, 0.80901700258255, -0.8660253286361694, 0.17841140925884247, -0.46708616614341736, 4.454481086213491e-7, 0.9341723918914795, 0.35682204365730286),
mat3(0.5000001192092896, 0.30901673436164856, -0.80901700258255, 0.8660253286361694, -0.17841140925884247, 0.46708616614341736, 4.454481086213491e-7, 0.9341723918914795, 0.35682204365730286),
mat3(-1, 2.6766727501126297e-7, 1.0223991608881988e-7, 0, 0.3568224310874939, -0.9341722130775452, 2.8652883088398085e-7, 0.9341722130775452, 0.3568224310874939),
mat3(0.5000000596046448, -0.3090168833732605, 0.80901700258255, -0.8660253882408142, -0.17841100692749023, 0.4670862555503845, 0, 0.9341723918914795, 0.3568219542503357),
mat3(0.5, 0.3090169429779053, -0.80901700258255, 0.8660253882408142, -0.17841102182865143, 0.46708619594573975, 0, 0.9341723918914795, 0.35682204365730286),
mat3(-0.5000001192092896, -0.30901673436164856, 0.80901700258255, -0.8660253286361694, 0.17841140925884247, -0.46708616614341736, 4.454481086213491e-7, 0.9341723918914795, 0.35682204365730286),
mat3(-1, -2.600782806894131e-7, 9.934115752230355e-8, 0, -0.3568224012851715, -0.9341722130775452, -2.7840502525577904e-7, 0.9341722130775452, -0.3568224012851715),
mat3(0.5, 0.3090169429779053, 0.80901700258255, -0.8660253882408142, 0.17841102182865143, 0.46708619594573975, 0, 0.9341723918914795, -0.35682204365730286),
mat3(0.5000001192092896, -0.30901673436164856, -0.80901700258255, 0.8660253286361694, 0.17841140925884247, 0.46708616614341736, -4.454481086213491e-7, 0.9341723918914795, -0.35682204365730286),
mat3(-0.5000001192092896, 0.30901673436164856, 0.80901700258255, -0.8660253286361694, -0.17841140925884247, -0.46708616614341736, -4.454481086213491e-7, 0.9341723918914795, -0.35682204365730286),
mat3(0.5, 0.3090168833732605, 0.80901700258255, -0.8660253882408142, 0.17841102182865143, 0.46708619594573975, 2.7840506788834318e-8, 0.9341723918914795, -0.3568219840526581),
mat3(0.5, -0.3090169429779053, -0.80901700258255, 0.8660253882408142, 0.17841102182865143, 0.46708619594573975, 0, 0.9341723918914795, -0.35682204365730286),
mat3(-1, 0, 0, 0, -0.35682204365730286, -0.9341723918914795, 0, 0.9341723918914795, -0.35682204365730286),
mat3(1, -4.1612531731516356e-7, 1.5894570992713852e-7, 0, 0.35682204365730286, 0.9341723918914795, 4.454481086213491e-7, 0.9341723918914795, -0.35682204365730286),
mat3(0.49999967217445374, -0.309017539024353, -0.80901700258255, 0.8660255670547485, 0.1784106343984604, 0.46708598732948303, 5.192941898712888e-7, 0.9341722726821899, -0.3568223714828491),
mat3(-1, -3.973642748178463e-8, 1.51779619983472e-8, 0, -0.35682204365730286, -0.9341723918914795, -4.2536502320444924e-8, 0.9341723918914795, -0.35682204365730286),
mat3(0.49999991059303284, 0.30901703238487244, 0.80901700258255, -0.866025447845459, 0.17841102182865143, 0.4670861065387726, 0, 0.9341723322868347, -0.35682210326194763),
mat3(-0.5000000596046448, -0.3090168833732605, -0.80901700258255, 0.8660253882408142, -0.17841100692749023, -0.4670862555503845, 0, 0.9341723918914795, -0.3568219542503357),
mat3(-0.5, 0.3090169429779053, 0.80901700258255, -0.8660253882408142, -0.17841102182865143, -0.46708619594573975, 0, 0.9341723918914795, -0.35682204365730286),
mat3(1, 2.6766727501126297e-7, -1.0223991608881988e-7, 0, 0.3568224310874939, 0.9341722130775452, -2.8652883088398085e-7, 0.9341722130775452, -0.3568224310874939),
mat3(-0.5000000596046448, -0.3090168833732605, -0.80901700258255, 0.8660253882408142, -0.17841100692749023, -0.4670862555503845, 0, 0.9341723918914795, -0.3568219542503357),
mat3(0.5000001192092896, 0.309017539024353, 0.8090167045593262, -0.8660253286361694, 0.17841140925884247, 0.46708616614341736, 0, 0.9341720938682556, -0.35682275891304016),
mat3(-0.5, 0.3090169429779053, 0.80901700258255, -0.64549720287323, -0.7557613253593445, -0.1102641224861145, -0.5773502588272095, 0.5773502588272095, -0.5773502588272095),
mat3(0.8090169429779053, 0.5, -0.309017151594162, -0.11026404798030853, 0.6454973220825195, 0.7557612657546997, -0.577350378036499, 0.5773501396179199, -0.5773502588272095),
mat3(-0.30901721119880676, -0.80901700258255, -0.49999988079071045, 0.7557612657546997, 0.11026386171579361, -0.6454973220825195, -0.5773501992225647, 0.5773503184318542, -0.5773503184318542),
mat3(0.3090170621871948, 0.8090170621871948, 0.4999998211860657, -0.7557613849639893, -0.11026384681463242, 0.64549720287323, -0.5773501396179199, 0.5773501992225647, -0.5773504376411438),
mat3(0.80901700258255, 0.5, -0.3090169429779053, -0.1102641224861145, 0.64549720287323, 0.7557613253593445, -0.5773502588272095, 0.5773502588272095, -0.5773502588272095),
mat3(-0.309017151594162, -0.8090169429779053, -0.5, 0.7557612657546997, 0.11026404798030853, -0.6454973220825195, -0.5773502588272095, 0.577350378036499, -0.5773501396179199),
mat3(-0.49999988079071045, 0.30901721119880676, 0.80901700258255, -0.6454973220825195, -0.7557612657546997, -0.11026386171579361, -0.5773503184318542, 0.5773501992225647, -0.5773503184318542),
mat3(0.4999998211860657, -0.3090170621871948, -0.8090170621871948, 0.64549720287323, 0.7557613849639893, 0.11026384681463242, -0.5773504376411438, 0.5773501396179199, -0.5773501992225647),
mat3(-0.3090169429779053, -0.80901700258255, -0.5, 0.7557613253593445, 0.1102641224861145, -0.64549720287323, -0.5773502588272095, 0.5773502588272095, -0.5773502588272095),
mat3(-0.5, 0.309017151594162, 0.8090169429779053, -0.6454973220825195, -0.7557612657546997, -0.11026404798030853, -0.5773501396179199, 0.5773502588272095, -0.577350378036499),
mat3(0.80901700258255, 0.49999988079071045, -0.30901721119880676, -0.11026386171579361, 0.6454973220825195, 0.7557612657546997, -0.5773503184318542, 0.5773503184318542, -0.5773501992225647),
mat3(-0.8090170621871948, -0.4999998211860657, 0.3090170621871948, 0.11026384681463242, -0.64549720287323, -0.7557613849639893, -0.5773501992225647, 0.5773504376411438, -0.5773501396179199),
mat3(0.30901697278022766, 0.8090172410011292, 0.49999967217445374, -0.7557613253593445, -0.11026383936405182, 0.6454972624778748, -0.5773503184318542, 0.5773500204086304, -0.5773504972457886),
mat3(0.49999967217445374, -0.30901697278022766, -0.8090172410011292, 0.6454972624778748, 0.7557613253593445, 0.11026383936405182, -0.5773504972457886, 0.5773503184318542, -0.5773500204086304),
mat3(-0.8090172410011292, -0.49999967217445374, 0.30901697278022766, 0.11026383936405182, -0.6454972624778748, -0.7557613253593445, -0.5773500204086304, 0.5773504972457886, -0.5773503184318542),
mat3(0.8090171217918396, 0.49999988079071045, -0.3090168237686157, -0.11026405543088913, 0.6454971432685852, 0.7557613849639893, -0.5773500800132751, 0.5773504376411438, -0.5773502588272095),
mat3(0.309017539024353, 0.80901700258255, 0.49999967217445374, -0.1784106343984604, -0.46708598732948303, 0.8660255670547485, -0.9341722726821899, 0.3568223714828491, 5.192941898712888e-7),
mat3(3.973642748178463e-8, -1.51779619983472e-8, -1, 0.35682204365730286, 0.9341723918914795, 0, -0.9341723918914795, 0.35682204365730286, -4.2536502320444924e-8),
mat3(-0.30901703238487244, -0.80901700258255, 0.49999991059303284, -0.17841102182865143, -0.4670861065387726, -0.866025447845459, -0.9341723322868347, 0.35682210326194763, 0),
mat3(0.3090168833732605, 0.80901700258255, -0.5000000596046448, 0.17841100692749023, 0.4670862555503845, 0.8660253882408142, -0.9341723918914795, 0.3568219542503357, 0),
mat3(2.600782806894131e-7, -9.934115752230355e-8, -1, 0.3568224012851715, 0.9341722130775452, 0, -0.9341722130775452, 0.3568224012851715, -2.7840502525577904e-7),
mat3(-0.3090169429779053, -0.80901700258255, 0.5, -0.17841102182865143, -0.46708619594573975, -0.8660253882408142, -0.9341723918914795, 0.35682204365730286, 0),
mat3(0.30901673436164856, 0.80901700258255, 0.5000001192092896, -0.17841140925884247, -0.46708616614341736, 0.8660253286361694, -0.9341723918914795, 0.35682204365730286, -4.454481086213491e-7),
mat3(-0.30901673436164856, -0.80901700258255, -0.5000001192092896, 0.17841140925884247, 0.46708616614341736, -0.8660253286361694, -0.9341723918914795, 0.35682204365730286, -4.454481086213491e-7),
mat3(-0.3090168833732605, -0.80901700258255, 0.5, -0.17841102182865143, -0.46708619594573975, -0.8660253882408142, -0.9341723918914795, 0.3568219840526581, 2.7840506788834318e-8),
mat3(0.3090169429779053, 0.80901700258255, 0.5, -0.17841102182865143, -0.46708619594573975, 0.8660253882408142, -0.9341723918914795, 0.35682204365730286, 0),
mat3(0, 0, -1, 0.35682204365730286, 0.9341723918914795, 0, -0.9341723918914795, 0.35682204365730286, 0),
mat3(4.1612531731516356e-7, -1.5894570992713852e-7, 1, -0.35682204365730286, -0.9341723918914795, 0, -0.9341723918914795, 0.35682204365730286, 4.454481086213491e-7),
mat3(0.3090168833732605, 0.80901700258255, -0.5000000596046448, 0.17841100692749023, 0.4670862555503845, 0.8660253882408142, -0.9341723918914795, 0.3568219542503357, 0),
mat3(-0.3090169429779053, -0.80901700258255, -0.5, 0.17841102182865143, 0.46708619594573975, -0.8660253882408142, -0.9341723918914795, 0.35682204365730286, 0),
mat3(-2.6766727501126297e-7, 1.0223991608881988e-7, 1, -0.3568224310874939, -0.9341722130775452, 0, -0.9341722130775452, 0.3568224310874939, -2.8652883088398085e-7),
mat3(-4.1612531731516356e-7, 1.5894570992713852e-7, -1, 0.35682204365730286, 0.9341723918914795, 0, -0.9341723918914795, 0.35682204365730286, 4.454481086213491e-7),
mat3(0.5, 0.3090169429779053, -0.80901700258255, 0.64549720287323, -0.7557613253593445, 0.1102641224861145, 0.5773502588272095, 0.5773502588272095, 0.5773502588272095),
mat3(-0.8090169429779053, 0.5, 0.309017151594162, 0.11026404798030853, 0.6454973220825195, -0.7557612657546997, 0.577350378036499, 0.5773501396179199, 0.5773502588272095),
mat3(0.30901721119880676, -0.80901700258255, 0.49999988079071045, -0.7557612657546997, 0.11026386171579361, 0.6454973220825195, 0.5773501992225647, 0.5773503184318542, 0.5773503184318542),
mat3(-0.3090170621871948, 0.8090170621871948, -0.4999998211860657, 0.7557613849639893, -0.11026384681463242, -0.64549720287323, 0.5773501396179199, 0.5773501992225647, 0.5773504376411438),
mat3(-0.80901700258255, 0.5, 0.3090169429779053, 0.1102641224861145, 0.64549720287323, -0.7557613253593445, 0.5773502588272095, 0.5773502588272095, 0.5773502588272095),
mat3(0.309017151594162, -0.8090169429779053, 0.5, -0.7557612657546997, 0.11026404798030853, 0.6454973220825195, 0.5773502588272095, 0.577350378036499, 0.5773501396179199),
mat3(0.49999988079071045, 0.30901721119880676, -0.80901700258255, 0.6454973220825195, -0.7557612657546997, 0.11026386171579361, 0.5773503184318542, 0.5773501992225647, 0.5773503184318542),
mat3(-0.4999998211860657, -0.3090170621871948, 0.8090170621871948, -0.64549720287323, 0.7557613849639893, -0.11026384681463242, 0.5773504376411438, 0.5773501396179199, 0.5773501992225647),
mat3(0.3090169429779053, -0.80901700258255, 0.5, -0.7557613253593445, 0.1102641224861145, 0.64549720287323, 0.5773502588272095, 0.5773502588272095, 0.5773502588272095),
mat3(0.5, 0.309017151594162, -0.8090169429779053, 0.6454973220825195, -0.7557612657546997, 0.11026404798030853, 0.5773501396179199, 0.5773502588272095, 0.577350378036499),
mat3(-0.80901700258255, 0.49999988079071045, 0.30901721119880676, 0.11026386171579361, 0.6454973220825195, -0.7557612657546997, 0.5773503184318542, 0.5773503184318542, 0.5773501992225647),
mat3(0.8090170621871948, -0.4999998211860657, -0.3090170621871948, -0.11026384681463242, -0.64549720287323, 0.7557613849639893, 0.5773501992225647, 0.5773504376411438, 0.5773501396179199),
mat3(-0.30901697278022766, 0.8090172410011292, -0.49999967217445374, 0.7557613253593445, -0.11026383936405182, -0.6454972624778748, 0.5773503184318542, 0.5773500204086304, 0.5773504972457886),
mat3(-0.49999967217445374, -0.30901697278022766, 0.8090172410011292, -0.6454972624778748, 0.7557613253593445, -0.11026383936405182, 0.5773504972457886, 0.5773503184318542, 0.5773500204086304),
mat3(0.8090172410011292, -0.49999967217445374, -0.30901697278022766, -0.11026383936405182, -0.6454972624778748, 0.7557613253593445, 0.5773500204086304, 0.5773504972457886, 0.5773503184318542),
mat3(-0.8090171217918396, 0.49999988079071045, 0.3090168237686157, 0.11026405543088913, 0.6454971432685852, -0.7557613849639893, 0.5773500800132751, 0.5773504376411438, 0.5773502588272095),
mat3(0.80901700258255, 0.5, 0.3090168833732605, 0.46708619594573975, -0.8660253882408142, 0.17841102182865143, -0.3568219840526581, 2.7840506788834318e-8, 0.9341723918914795),
mat3(-0.80901700258255, 0.5, -0.3090169429779053, 0.46708619594573975, 0.8660253882408142, 0.17841102182865143, -0.35682204365730286, 0, 0.9341723918914795),
mat3(0, -1, 0, -0.9341723918914795, 0, -0.35682204365730286, -0.35682204365730286, 0, 0.9341723918914795),
mat3(1.5894570992713852e-7, 1, -4.1612531731516356e-7, 0.9341723918914795, 0, 0.35682204365730286, -0.35682204365730286, 4.454481086213491e-7, 0.9341723918914795),
mat3(-0.80901700258255, 0.49999967217445374, -0.309017539024353, 0.46708598732948303, 0.8660255670547485, 0.1784106343984604, -0.3568223714828491, 5.192941898712888e-7, 0.9341722726821899),
mat3(1.51779619983472e-8, -1, -3.973642748178463e-8, -0.9341723918914795, 0, -0.35682204365730286, -0.35682204365730286, -4.2536502320444924e-8, 0.9341723918914795),
mat3(0.80901700258255, 0.49999991059303284, 0.30901703238487244, 0.4670861065387726, -0.866025447845459, 0.17841102182865143, -0.35682210326194763, 0, 0.9341723322868347),
mat3(-0.80901700258255, -0.5000000596046448, -0.3090168833732605, -0.4670862555503845, 0.8660253882408142, -0.17841100692749023, -0.3568219542503357, 0, 0.9341723918914795),
mat3(9.934115752230355e-8, -1, -2.600782806894131e-7, -0.9341722130775452, 0, -0.3568224012851715, -0.3568224012851715, -2.7840502525577904e-7, 0.9341722130775452),
mat3(0.80901700258255, 0.5, 0.3090169429779053, 0.46708619594573975, -0.8660253882408142, 0.17841102182865143, -0.35682204365730286, 0, 0.9341723918914795),
mat3(-0.80901700258255, 0.5000001192092896, -0.30901673436164856, 0.46708616614341736, 0.8660253286361694, 0.17841140925884247, -0.35682204365730286, -4.454481086213491e-7, 0.9341723918914795),
mat3(0.80901700258255, -0.5000001192092896, 0.30901673436164856, -0.46708616614341736, -0.8660253286361694, -0.17841140925884247, -0.35682204365730286, -4.454481086213491e-7, 0.9341723918914795),
mat3(-1.0223991608881988e-7, 1, 2.6766727501126297e-7, 0.9341722130775452, 0, 0.3568224310874939, -0.3568224310874939, -2.8652883088398085e-7, 0.9341722130775452),
mat3(-0.80901700258255, -0.5000000596046448, -0.3090168833732605, -0.4670862555503845, 0.8660253882408142, -0.17841100692749023, -0.3568219542503357, 0, 0.9341723918914795),
mat3(0.80901700258255, -0.5, 0.3090169429779053, -0.46708619594573975, -0.8660253882408142, -0.17841102182865143, -0.35682204365730286, 0, 0.9341723918914795),
mat3(-0.80901700258255, 0.5000001192092896, -0.30901673436164856, 0.46708616614341736, 0.8660253286361694, 0.17841140925884247, -0.35682204365730286, -4.454481086213491e-7, 0.9341723918914795),
mat3(2.600782806894131e-7, 9.934115752230355e-8, 1, 0.3568224012851715, -0.9341722130775452, 0, -0.9341722130775452, -0.3568224012851715, 2.7840502525577904e-7),
mat3(-0.3090169429779053, 0.80901700258255, -0.5, -0.17841102182865143, 0.46708619594573975, 0.8660253882408142, -0.9341723918914795, -0.35682204365730286, 0),
mat3(0.30901673436164856, -0.80901700258255, -0.5000001192092896, -0.17841140925884247, 0.46708616614341736, -0.8660253286361694, -0.9341723918914795, -0.35682204365730286, 4.454481086213491e-7),
mat3(-0.30901673436164856, 0.80901700258255, 0.5000001192092896, 0.17841140925884247, -0.46708616614341736, 0.8660253286361694, -0.9341723918914795, -0.35682204365730286, 4.454481086213491e-7),
mat3(-0.3090168833732605, 0.80901700258255, -0.5, -0.17841102182865143, 0.46708619594573975, 0.8660253882408142, -0.9341723918914795, -0.3568219840526581, -2.7840506788834318e-8),
mat3(0.3090169429779053, -0.80901700258255, -0.5, -0.17841102182865143, 0.46708619594573975, -0.8660253882408142, -0.9341723918914795, -0.35682204365730286, 0),
mat3(0, 0, 1, 0.35682204365730286, -0.9341723918914795, 0, -0.9341723918914795, -0.35682204365730286, 0),
mat3(4.1612531731516356e-7, 1.5894570992713852e-7, -1, -0.35682204365730286, 0.9341723918914795, 0, -0.9341723918914795, -0.35682204365730286, -4.454481086213491e-7),
mat3(0.309017539024353, -0.80901700258255, -0.49999967217445374, -0.1784106343984604, 0.46708598732948303, -0.8660255670547485, -0.9341722726821899, -0.3568223714828491, -5.192941898712888e-7),
mat3(3.973642748178463e-8, 1.51779619983472e-8, 1, 0.35682204365730286, -0.9341723918914795, 0, -0.9341723918914795, -0.35682204365730286, 4.2536502320444924e-8),
mat3(-0.30901703238487244, 0.80901700258255, -0.49999991059303284, -0.17841102182865143, 0.4670861065387726, 0.866025447845459, -0.9341723322868347, -0.35682210326194763, 0),
mat3(0.3090168833732605, -0.80901700258255, 0.5000000596046448, 0.17841100692749023, -0.4670862555503845, -0.8660253882408142, -0.9341723918914795, -0.3568219542503357, 0),
mat3(-0.3090169429779053, 0.80901700258255, 0.5, 0.17841102182865143, -0.46708619594573975, 0.8660253882408142, -0.9341723918914795, -0.35682204365730286, 0),
mat3(-2.6766727501126297e-7, -1.0223991608881988e-7, -1, -0.3568224310874939, 0.9341722130775452, 0, -0.9341722130775452, -0.3568224310874939, 2.8652883088398085e-7),
mat3(0.3090168833732605, -0.80901700258255, 0.5000000596046448, 0.17841100692749023, -0.4670862555503845, -0.8660253882408142, -0.9341723918914795, -0.3568219542503357, 0),
mat3(-0.309017539024353, 0.8090167045593262, -0.5000001192092896, -0.17841140925884247, 0.46708616614341736, 0.8660253286361694, -0.9341720938682556, -0.35682275891304016, 0),
mat3(-0.80901700258255, -0.49999967217445374, 0.309017539024353, 0.46708598732948303, -0.8660255670547485, -0.1784106343984604, -0.3568223714828491, -5.192941898712888e-7, -0.9341722726821899),
mat3(1.51779619983472e-8, 1, 3.973642748178463e-8, -0.9341723918914795, 0, 0.35682204365730286, -0.35682204365730286, 4.2536502320444924e-8, -0.9341723918914795),
mat3(0.80901700258255, -0.49999991059303284, -0.30901703238487244, 0.4670861065387726, 0.866025447845459, -0.17841102182865143, -0.35682210326194763, 0, -0.9341723322868347),
mat3(-0.80901700258255, 0.5000000596046448, 0.3090168833732605, -0.4670862555503845, -0.8660253882408142, 0.17841100692749023, -0.3568219542503357, 0, -0.9341723918914795),
mat3(9.934115752230355e-8, 1, 2.600782806894131e-7, -0.9341722130775452, 0, 0.3568224012851715, -0.3568224012851715, 2.7840502525577904e-7, -0.9341722130775452),
mat3(0.80901700258255, -0.5, -0.3090169429779053, 0.46708619594573975, 0.8660253882408142, -0.17841102182865143, -0.35682204365730286, 0, -0.9341723918914795),
mat3(-0.80901700258255, -0.5000001192092896, 0.30901673436164856, 0.46708616614341736, -0.8660253286361694, -0.17841140925884247, -0.35682204365730286, 4.454481086213491e-7, -0.9341723918914795),
mat3(0.80901700258255, 0.5000001192092896, -0.30901673436164856, -0.46708616614341736, 0.8660253286361694, 0.17841140925884247, -0.35682204365730286, 4.454481086213491e-7, -0.9341723918914795),
mat3(0.80901700258255, -0.5, -0.3090168833732605, 0.46708619594573975, 0.8660253882408142, -0.17841102182865143, -0.3568219840526581, -2.7840506788834318e-8, -0.9341723918914795),
mat3(-0.80901700258255, -0.5, 0.3090169429779053, 0.46708619594573975, -0.8660253882408142, -0.17841102182865143, -0.35682204365730286, 0, -0.9341723918914795),
mat3(0, 1, 0, -0.9341723918914795, 0, 0.35682204365730286, -0.35682204365730286, 0, -0.9341723918914795),
mat3(1.5894570992713852e-7, -1, 4.1612531731516356e-7, 0.9341723918914795, 0, -0.35682204365730286, -0.35682204365730286, -4.454481086213491e-7, -0.9341723918914795),
mat3(-0.80901700258255, 0.5000000596046448, 0.3090168833732605, -0.4670862555503845, -0.8660253882408142, 0.17841100692749023, -0.3568219542503357, 0, -0.9341723918914795),
mat3(0.80901700258255, 0.5, -0.3090169429779053, -0.46708619594573975, 0.8660253882408142, 0.17841102182865143, -0.35682204365730286, 0, -0.9341723918914795),
mat3(-1.0223991608881988e-7, -1, -2.6766727501126297e-7, 0.9341722130775452, 0, -0.3568224310874939, -0.3568224310874939, 2.8652883088398085e-7, -0.9341722130775452),
mat3(-1.5894570992713852e-7, 1, -4.1612531731516356e-7, -0.9341723918914795, 0, 0.35682204365730286, -0.35682204365730286, -4.454481086213491e-7, -0.9341723918914795),
mat3(-0.49999991059303284, -0.30901721119880676, -0.8090169429779053, 0.6454972624778748, -0.7557613253593445, -0.11026383936405182, 0.5773503184318542, 0.5773501396179199, -0.577350378036499),
mat3(-0.3090168237686157, 0.8090171217918396, 0.4999999403953552, -0.7557612061500549, 0.11026425659656525, -0.6454972624778748, 0.5773504376411438, 0.5773500800132751, -0.5773502588272095),
mat3(0.8090168237686157, -0.5000002384185791, 0.30901703238487244, 0.11026404052972794, 0.6454970240592957, 0.7557615041732788, 0.5773504972457886, 0.5773503184318542, -0.5773500204086304),
mat3(-0.8090168833732605, 0.5000001192092896, -0.309017151594162, -0.11026407778263092, -0.6454972624778748, -0.7557613253593445, 0.5773504376411438, 0.5773501396179199, -0.5773501992225647),
mat3(-0.30901721119880676, 0.8090169429779053, 0.49999991059303284, -0.7557613253593445, 0.11026383936405182, -0.6454972624778748, 0.5773501396179199, 0.577350378036499, -0.5773503184318542),
mat3(0.8090171217918396, -0.4999999403953552, 0.3090168237686157, 0.11026425659656525, 0.6454972624778748, 0.7557612061500549, 0.5773500800132751, 0.5773502588272095, -0.5773504376411438),
mat3(-0.5000002384185791, -0.30901703238487244, -0.8090168237686157, 0.6454970240592957, -0.7557615041732788, -0.11026404052972794, 0.5773503184318542, 0.5773500204086304, -0.5773504972457886),
mat3(0.5000001192092896, 0.309017151594162, 0.8090168833732605, -0.6454972624778748, 0.7557613253593445, 0.11026407778263092, 0.5773501396179199, 0.5773501992225647, -0.5773504376411438),
mat3(0.8090169429779053, -0.49999991059303284, 0.30901721119880676, 0.11026383936405182, 0.6454972624778748, 0.7557613253593445, 0.577350378036499, 0.5773503184318542, -0.5773501396179199),
mat3(-0.4999999403953552, -0.3090168237686157, -0.8090171217918396, 0.6454972624778748, -0.7557612061500549, -0.11026425659656525, 0.5773502588272095, 0.5773504376411438, -0.5773500800132751),
mat3(-0.30901703238487244, 0.8090168237686157, 0.5000002384185791, -0.7557615041732788, 0.11026404052972794, -0.6454970240592957, 0.5773500204086304, 0.5773504972457886, -0.5773503184318542),
mat3(0.309017151594162, -0.8090168833732605, -0.5000001192092896, 0.7557613253593445, -0.11026407778263092, 0.6454972624778748, 0.5773501992225647, 0.5773504376411438, -0.5773501396179199),
mat3(-0.8090170621871948, 0.49999988079071045, -0.3090170621871948, -0.11026406288146973, -0.6454973816871643, -0.7557612061500549, 0.5773501992225647, 0.5773502588272095, -0.577350378036499),
mat3(0.49999988079071045, 0.3090170621871948, 0.8090170621871948, -0.6454973816871643, 0.7557612061500549, 0.11026406288146973, 0.5773502588272095, 0.577350378036499, -0.5773501992225647),
mat3(0.3090170621871948, -0.8090170621871948, -0.49999988079071045, 0.7557612061500549, -0.11026406288146973, 0.6454973816871643, 0.577350378036499, 0.5773501992225647, -0.5773502588272095),
mat3(-0.3090170919895172, 0.8090168833732605, 0.5000001192092896, -0.7557613849639893, 0.11026405543088913, -0.6454971432685852, 0.5773500800132751, 0.5773504376411438, -0.5773502588272095),
mat3(-0.30901721119880676, -0.8090169429779053, -0.49999991059303284, -0.7557613253593445, -0.11026383936405182, 0.6454972624778748, 0.5773501396179199, -0.577350378036499, 0.5773503184318542),
mat3(0.8090171217918396, 0.4999999403953552, -0.3090168237686157, 0.11026425659656525, -0.6454972624778748, -0.7557612061500549, 0.5773500800132751, -0.5773502588272095, 0.5773504376411438),
mat3(-0.5000002384185791, 0.30901703238487244, 0.8090168237686157, 0.6454970240592957, 0.7557615041732788, 0.11026404052972794, 0.5773503184318542, -0.5773500204086304, 0.5773504972457886),
mat3(0.5000001192092896, -0.309017151594162, -0.8090168833732605, -0.6454972624778748, -0.7557613253593445, -0.11026407778263092, 0.5773501396179199, -0.5773501992225647, 0.5773504376411438),
mat3(0.8090169429779053, 0.49999991059303284, -0.30901721119880676, 0.11026383936405182, -0.6454972624778748, -0.7557613253593445, 0.577350378036499, -0.5773503184318542, 0.5773501396179199),
mat3(-0.4999999403953552, 0.3090168237686157, 0.8090171217918396, 0.6454972624778748, 0.7557612061500549, 0.11026425659656525, 0.5773502588272095, -0.5773504376411438, 0.5773500800132751),
mat3(-0.30901703238487244, -0.8090168237686157, -0.5000002384185791, -0.7557615041732788, -0.11026404052972794, 0.6454970240592957, 0.5773500204086304, -0.5773504972457886, 0.5773503184318542),
mat3(0.309017151594162, 0.8090168833732605, 0.5000001192092896, 0.7557613253593445, 0.11026407778263092, -0.6454972624778748, 0.5773501992225647, -0.5773504376411438, 0.5773501396179199),
mat3(-0.49999991059303284, 0.30901721119880676, 0.8090169429779053, 0.6454972624778748, 0.7557613253593445, 0.11026383936405182, 0.5773503184318542, -0.5773501396179199, 0.577350378036499),
mat3(-0.3090168237686157, -0.8090171217918396, -0.4999999403953552, -0.7557612061500549, -0.11026425659656525, 0.6454972624778748, 0.5773504376411438, -0.5773500800132751, 0.5773502588272095),
mat3(0.8090168237686157, 0.5000002384185791, -0.30901703238487244, 0.11026404052972794, -0.6454970240592957, -0.7557615041732788, 0.5773504972457886, -0.5773503184318542, 0.5773500204086304),
mat3(-0.8090168833732605, -0.5000001192092896, 0.309017151594162, -0.11026407778263092, 0.6454972624778748, 0.7557613253593445, 0.5773504376411438, -0.5773501396179199, 0.5773501992225647),
mat3(0.49999988079071045, -0.3090170621871948, -0.8090170621871948, -0.6454973816871643, -0.7557612061500549, -0.11026406288146973, 0.5773502588272095, -0.577350378036499, 0.5773501992225647),
mat3(0.3090170621871948, 0.8090170621871948, 0.49999988079071045, 0.7557612061500549, 0.11026406288146973, -0.6454973816871643, 0.577350378036499, -0.5773501992225647, 0.5773502588272095),
mat3(-0.8090170621871948, -0.49999988079071045, 0.3090170621871948, -0.11026406288146973, 0.6454973816871643, 0.7557612061500549, 0.5773501992225647, -0.5773502588272095, 0.577350378036499),
mat3(0.8090168833732605, 0.5000001192092896, -0.3090170919895172, 0.11026405543088913, -0.6454971432685852, -0.7557613849639893, 0.5773504376411438, -0.5773502588272095, 0.5773500800132751),
mat3(0.5, -0.3090168833732605, -0.80901700258255, -0.8660253882408142, -0.17841102182865143, -0.46708619594573975, 2.7840506788834318e-8, -0.9341723918914795, 0.3568219840526581),
mat3(0.5, 0.3090169429779053, 0.80901700258255, 0.8660253882408142, -0.17841102182865143, -0.46708619594573975, 0, -0.9341723918914795, 0.35682204365730286),
mat3(-1, 0, 0, 0, 0.35682204365730286, 0.9341723918914795, 0, -0.9341723918914795, 0.35682204365730286),
mat3(1, 4.1612531731516356e-7, -1.5894570992713852e-7, 0, -0.35682204365730286, -0.9341723918914795, 4.454481086213491e-7, -0.9341723918914795, 0.35682204365730286),
mat3(0.49999967217445374, 0.309017539024353, 0.80901700258255, 0.8660255670547485, -0.1784106343984604, -0.46708598732948303, 5.192941898712888e-7, -0.9341722726821899, 0.3568223714828491),
mat3(-1, 3.973642748178463e-8, -1.51779619983472e-8, 0, 0.35682204365730286, 0.9341723918914795, -4.2536502320444924e-8, -0.9341723918914795, 0.35682204365730286),
mat3(0.49999991059303284, -0.30901703238487244, -0.80901700258255, -0.866025447845459, -0.17841102182865143, -0.4670861065387726, 0, -0.9341723322868347, 0.35682210326194763),
mat3(-0.5000000596046448, 0.3090168833732605, 0.80901700258255, 0.8660253882408142, 0.17841100692749023, 0.4670862555503845, 0, -0.9341723918914795, 0.3568219542503357),
mat3(-1, 2.600782806894131e-7, -9.934115752230355e-8, 0, 0.3568224012851715, 0.9341722130775452, -2.7840502525577904e-7, -0.9341722130775452, 0.3568224012851715),
mat3(0.5, -0.3090169429779053, -0.80901700258255, -0.8660253882408142, -0.17841102182865143, -0.46708619594573975, 0, -0.9341723918914795, 0.35682204365730286),
mat3(0.5000001192092896, 0.30901673436164856, 0.80901700258255, 0.8660253286361694, -0.17841140925884247, -0.46708616614341736, -4.454481086213491e-7, -0.9341723918914795, 0.35682204365730286),
mat3(-0.5000001192092896, -0.30901673436164856, -0.80901700258255, -0.8660253286361694, 0.17841140925884247, 0.46708616614341736, -4.454481086213491e-7, -0.9341723918914795, 0.35682204365730286),
mat3(1, -2.6766727501126297e-7, 1.0223991608881988e-7, 0, -0.3568224310874939, -0.9341722130775452, -2.8652883088398085e-7, -0.9341722130775452, 0.3568224310874939),
mat3(-0.5000000596046448, 0.3090168833732605, 0.80901700258255, 0.8660253882408142, 0.17841100692749023, 0.4670862555503845, 0, -0.9341723918914795, 0.3568219542503357),
mat3(-0.5, -0.3090169429779053, -0.80901700258255, -0.8660253882408142, 0.17841102182865143, 0.46708619594573975, 0, -0.9341723918914795, 0.35682204365730286),
mat3(0.5000001192092896, 0.30901673436164856, 0.80901700258255, 0.8660253286361694, -0.17841140925884247, -0.46708616614341736, -4.454481086213491e-7, -0.9341723918914795, 0.35682204365730286),
mat3(1, 2.600782806894131e-7, 9.934115752230355e-8, 0, 0.3568224012851715, -0.9341722130775452, 2.7840502525577904e-7, -0.9341722130775452, -0.3568224012851715),
mat3(-0.5, -0.3090169429779053, 0.80901700258255, 0.8660253882408142, -0.17841102182865143, 0.46708619594573975, 0, -0.9341723918914795, -0.35682204365730286),
mat3(-0.5000001192092896, 0.30901673436164856, -0.80901700258255, -0.8660253286361694, -0.17841140925884247, 0.46708616614341736, 4.454481086213491e-7, -0.9341723918914795, -0.35682204365730286),
mat3(0.5000001192092896, -0.30901673436164856, 0.80901700258255, 0.8660253286361694, 0.17841140925884247, -0.46708616614341736, 4.454481086213491e-7, -0.9341723918914795, -0.35682204365730286),
mat3(-0.5, -0.3090168833732605, 0.80901700258255, 0.8660253882408142, -0.17841102182865143, 0.46708619594573975, -2.7840506788834318e-8, -0.9341723918914795, -0.3568219840526581),
mat3(-0.5, 0.3090169429779053, -0.80901700258255, -0.8660253882408142, -0.17841102182865143, 0.46708619594573975, 0, -0.9341723918914795, -0.35682204365730286),
mat3(1, 0, 0, 0, 0.35682204365730286, -0.9341723918914795, 0, -0.9341723918914795, -0.35682204365730286),
mat3(-1, 4.1612531731516356e-7, 1.5894570992713852e-7, 0, -0.35682204365730286, 0.9341723918914795, -4.454481086213491e-7, -0.9341723918914795, -0.35682204365730286),
mat3(-0.49999967217445374, 0.309017539024353, -0.80901700258255, -0.8660255670547485, -0.1784106343984604, 0.46708598732948303, -5.192941898712888e-7, -0.9341722726821899, -0.3568223714828491),
mat3(1, 3.973642748178463e-8, 1.51779619983472e-8, 0, 0.35682204365730286, -0.9341723918914795, 4.2536502320444924e-8, -0.9341723918914795, -0.35682204365730286),
mat3(-0.49999991059303284, -0.30901703238487244, 0.80901700258255, 0.866025447845459, -0.17841102182865143, 0.4670861065387726, 0, -0.9341723322868347, -0.35682210326194763),
mat3(0.5000000596046448, 0.3090168833732605, -0.80901700258255, -0.8660253882408142, 0.17841100692749023, -0.4670862555503845, 0, -0.9341723918914795, -0.3568219542503357),
mat3(0.5, -0.3090169429779053, 0.80901700258255, 0.8660253882408142, 0.17841102182865143, -0.46708619594573975, 0, -0.9341723918914795, -0.35682204365730286),
mat3(-1, -2.6766727501126297e-7, -1.0223991608881988e-7, 0, -0.3568224310874939, 0.9341722130775452, 2.8652883088398085e-7, -0.9341722130775452, -0.3568224310874939),
mat3(0.5000000596046448, 0.3090168833732605, -0.80901700258255, -0.8660253882408142, 0.17841100692749023, -0.4670862555503845, 0, -0.9341723918914795, -0.3568219542503357),
mat3(-0.5000001192092896, -0.309017539024353, 0.8090167045593262, 0.8660253286361694, -0.17841140925884247, 0.46708616614341736, 0, -0.9341720938682556, -0.35682275891304016),
mat3(0.5, -0.3090169429779053, 0.80901700258255, 0.64549720287323, 0.7557613253593445, -0.1102641224861145, 0.5773502588272095, -0.5773502588272095, -0.5773502588272095),
mat3(-0.8090169429779053, -0.5, -0.309017151594162, 0.11026404798030853, -0.6454973220825195, 0.7557612657546997, 0.577350378036499, -0.5773501396179199, -0.5773502588272095),
mat3(0.30901721119880676, 0.80901700258255, -0.49999988079071045, -0.7557612657546997, -0.11026386171579361, -0.6454973220825195, 0.5773501992225647, -0.5773503184318542, -0.5773503184318542),
mat3(-0.3090170621871948, -0.8090170621871948, 0.4999998211860657, 0.7557613849639893, 0.11026384681463242, 0.64549720287323, 0.5773501396179199, -0.5773501992225647, -0.5773504376411438),
mat3(-0.80901700258255, -0.5, -0.3090169429779053, 0.1102641224861145, -0.64549720287323, 0.7557613253593445, 0.5773502588272095, -0.5773502588272095, -0.5773502588272095),
mat3(0.309017151594162, 0.8090169429779053, -0.5, -0.7557612657546997, -0.11026404798030853, -0.6454973220825195, 0.5773502588272095, -0.577350378036499, -0.5773501396179199),
mat3(0.49999988079071045, -0.30901721119880676, 0.80901700258255, 0.6454973220825195, 0.7557612657546997, -0.11026386171579361, 0.5773503184318542, -0.5773501992225647, -0.5773503184318542),
mat3(-0.4999998211860657, 0.3090170621871948, -0.8090170621871948, -0.64549720287323, -0.7557613849639893, 0.11026384681463242, 0.5773504376411438, -0.5773501396179199, -0.5773501992225647),
mat3(0.3090169429779053, 0.80901700258255, -0.5, -0.7557613253593445, -0.1102641224861145, -0.64549720287323, 0.5773502588272095, -0.5773502588272095, -0.5773502588272095),
mat3(0.5, -0.309017151594162, 0.8090169429779053, 0.6454973220825195, 0.7557612657546997, -0.11026404798030853, 0.5773501396179199, -0.5773502588272095, -0.577350378036499),
mat3(-0.80901700258255, -0.49999988079071045, -0.30901721119880676, 0.11026386171579361, -0.6454973220825195, 0.7557612657546997, 0.5773503184318542, -0.5773503184318542, -0.5773501992225647),
mat3(0.8090170621871948, 0.4999998211860657, 0.3090170621871948, -0.11026384681463242, 0.64549720287323, -0.7557613849639893, 0.5773501992225647, -0.5773504376411438, -0.5773501396179199),
mat3(-0.30901697278022766, -0.8090172410011292, 0.49999967217445374, 0.7557613253593445, 0.11026383936405182, 0.6454972624778748, 0.5773503184318542, -0.5773500204086304, -0.5773504972457886),
mat3(-0.49999967217445374, 0.30901697278022766, -0.8090172410011292, -0.6454972624778748, -0.7557613253593445, 0.11026383936405182, 0.5773504972457886, -0.5773503184318542, -0.5773500204086304),
mat3(0.8090172410011292, 0.49999967217445374, 0.30901697278022766, -0.11026383936405182, 0.6454972624778748, -0.7557613253593445, 0.5773500204086304, -0.5773504972457886, -0.5773503184318542),
mat3(-0.8090171217918396, -0.49999988079071045, -0.3090168237686157, 0.11026405543088913, -0.6454971432685852, 0.7557613849639893, 0.5773500800132751, -0.5773504376411438, -0.5773502588272095),
mat3(-0.309017539024353, -0.80901700258255, 0.49999967217445374, 0.1784106343984604, 0.46708598732948303, 0.8660255670547485, 0.9341722726821899, -0.3568223714828491, 5.192941898712888e-7),
mat3(-3.973642748178463e-8, 1.51779619983472e-8, -1, -0.35682204365730286, -0.9341723918914795, 0, 0.9341723918914795, -0.35682204365730286, -4.2536502320444924e-8),
