mat3(-0.6161008477210999, -0.5295894145965576, 0.5830564498901367, 0.5536409020423889, 0.23536695539951324, 0.7988017201423645, -0.5602691173553467, 0.8149462938308716, 0.14819256961345673),
mat3(0.7071068286895752, 0.601500928401947, 0.3717480003833771, 0.05542713776230812, 0.4769643545150757, -0.8771732449531555, -0.7049310207366943, 0.6408600807189941, 0.3039252460002899),
mat3(-0.4482620358467102, 0.18477237224578857, -0.8745972514152527, -0.7708567380905151, -0.5752807855606079, 0.273554265499115, -0.45259371399879456, 0.7968131303787231, 0.4003095328807831),
mat3(0.31892454624176025, -0.09634300321340561, 0.9428706765174866, 0.7502012848854065, 0.6336188316345215, -0.18901093304157257, -0.5792107582092285, 0.7676230669021606, 0.2743532657623291),
mat3(0.5295894145965576, 0.5830564498901367, 0.6161008477210999, -0.23536695539951324, 0.7988017201423645, -0.5536409020423889, -0.8149462938308716, 0.14819256961345673, 0.5602691173553467),
mat3(-0.601500928401947, 0.3717480003833771, -0.7071068286895752, -0.4769643545150757, -0.8771732449531555, -0.05542713776230812, -0.6408600807189941, 0.3039252460002899, 0.7049310207366943),
mat3(-0.18477237224578857, -0.8745972514152527, 0.4482620358467102, 0.5752807855606079, 0.273554265499115, 0.7708567380905151, -0.7968131303787231, 0.4003095328807831, 0.45259371399879456),
mat3(0.09634300321340561, 0.9428706765174866, -0.31892454624176025, -0.6336188316345215, -0.18901093304157257, -0.7502012848854065, -0.7676230669021606, 0.2743532657623291, 0.5792107582092285),
mat3(-0.5830564498901367, 0.6161008477210999, -0.5295894145965576, -0.7988017201423645, -0.5536409020423889, 0.23536695539951324, -0.14819256961345673, 0.5602691173553467, 0.8149462938308716),
mat3(-0.3717480003833771, -0.7071068286895752, 0.601500928401947, 0.8771732449531555, -0.05542713776230812, 0.4769643545150757, -0.3039252460002899, 0.7049310207366943, 0.6408600807189941),
mat3(0.8745972514152527, 0.4482620358467102, 0.18477237224578857, -0.273554265499115, 0.7708567380905151, -0.5752807855606079, -0.4003095328807831, 0.45259371399879456, 0.7968131303787231),
mat3(-0.9428706765174866, -0.31892454624176025, -0.09634300321340561, 0.18901093304157257, -0.7502012848854065, 0.6336188316345215, -0.2743532657623291, 0.5792107582092285, 0.7676230669021606),
mat3(0.38618749380111694, -0.23867696523666382, 0.8910064697265625, 0.596229612827301, 0.8016242980957031, -0.04368896037340164, -0.7038249373435974, 0.5481165647506714, 0.45188355445861816),
mat3(0.23867696523666382, 0.8910064697265625, -0.38618749380111694, -0.8016242980957031, -0.04368896037340164, -0.596229612827301, -0.5481165647506714, 0.45188355445861816, 0.7038249373435974),
mat3(-0.8910064697265625, -0.38618749380111694, -0.23867696523666382, 0.04368896037340164, -0.596229612827301, 0.8016242980957031, -0.45188355445861816, 0.7038249373435974, 0.5481165647506714),
mat3(0.80901700258255, 0.5, 0.30901697278022766, -0.11026410013437271, 0.64549720287323, -0.7557613253593445, -0.5773502588272095, 0.5773502588272095, 0.5773502588272095),
mat3(0.32730424404144287, 0.053467027842998505, 0.9434050917625427, 0.8503322601318359, 0.418732225894928, -0.31874504685401917, -0.4120764434337616, 0.9065343737602234, 0.0915880873799324),
mat3(0.468429833650589, 0.45399051904678345, -0.7579354047775269, -0.8293245434761047, -0.0698423758149147, -0.5543851256370544, -0.3046216070652008, 0.8882649540901184, 0.3437892198562622),
mat3(-0.9887928366661072, -0.14929401874542236, 0, 0.013653191737830639, -0.09042678028345108, 0.9958094954490662, -0.14866839349269867, 0.9846493005752563, 0.09145169705152512),
mat3(0.9520322680473328, 0.294939249753952, 0.08151913434267044, 0.026388542726635933, 0.18627792596817017, -0.9821426272392273, -0.30485764145851135, 0.9371826648712158, 0.16955958306789398),
mat3(0.5830564498901367, 0.6161008477210999, -0.5295894145965576, -0.8124316334724426, 0.442156046628952, -0.3800695538520813, 0, 0.6518571972846985, 0.7583417296409607),
mat3(-0.9876883625984192, 0.13307100534439087, 0.08224257081747055, -0.012262124568223953, -0.589971661567688, 0.807330846786499, 0.15595310926437378, 0.7963827848434448, 0.5843398571014404),
mat3(0.5405308604240417, -0.42633524537086487, 0.7253031730651855, 0.8267436027526855, 0.4289669990539551, -0.363981157541275, -0.15595315396785736, 0.7963827848434448, 0.5843397974967957),
mat3(-0.5012069940567017, 0.5735645890235901, -0.6479314565658569, -0.8653274178504944, -0.3322148323059082, 0.3752889037132263, 0, 0.7487702965736389, 0.662829577922821),
mat3(-0.9103606939315796, 0.4138157069683075, 0, -0.03790059685707092, -0.08337821811437607, 0.9957969784736633, 0.4120764136314392, 0.9065344333648682, 0.0915881097316742),
mat3(0.5192584991455078, -0.15643440186977386, 0.8401778936386108, 0.8415867686271667, -0.07742083817720413, -0.5345443487167358, 0.14866840839385986, 0.9846493005752563, 0.09145170450210571),
mat3(0.4482620358467102, 0.18477237224578857, -0.8745972514152527, -0.8403968214988708, 0.4205288887023926, -0.34188979864120483, 0.3046216070652008, 0.8882649540901184, 0.3437892496585846),
mat3(-0.4508253335952759, -0.014823712408542633, 0.8924890756607056, 0.8389387726783752, -0.348523885011673, 0.41798657178878784, 0.30485764145851135, 0.9371826648712158, 0.16955958306789398),
mat3(0.9876883625984192, 0.13307100534439087, 0.08224257081747055, 0.01505429856479168, 0.4424382448196411, -0.8966726064682007, -0.15570837259292603, 0.8868711590766907, 0.4349878132343292),
mat3(-0.468429833650589, 0.45399051904678345, -0.7579354047775269, -0.8696714043617249, -0.08574436604976654, 0.4861270487308502, 0.15570837259292603, 0.8868712186813354, 0.43498778343200684),
mat3(-0.5192584991455078, -0.15643440186977386, 0.8401778936386108, 0.8546172380447388, -0.09504827857017517, 0.5104852914810181, 0, 0.9831043481826782, 0.1830461621284485),
mat3(0.49999991059303284, 0.3090170919895172, -0.80901700258255, -0.866025447845459, 0.178411066532135, -0.4670860767364502, 0, 0.9341723322868347, 0.3568221926689148),
mat3(0.9103606939315796, 0.4138157069683075, 0, 0.03790059685707092, -0.08337821811437607, -0.9957969784736633, -0.4120764136314392, 0.9065344333648682, -0.0915881097316742),
mat3(-0.5192584991455078, -0.15643440186977386, -0.8401778936386108, -0.8415867686271667, -0.07742083817720413, 0.5345443487167358, -0.14866840839385986, 0.9846493005752563, -0.09145170450210571),
mat3(-0.4482620358467102, 0.18477237224578857, 0.8745972514152527, 0.8403968214988708, 0.4205288887023926, 0.34188979864120483, -0.3046216070652008, 0.8882649540901184, -0.3437892496585846),
mat3(0.4508253335952759, -0.014823712408542633, -0.8924890756607056, -0.8389387726783752, -0.348523885011673, -0.41798657178878784, -0.30485764145851135, 0.9371826648712158, -0.16955958306789398),
mat3(-0.32730424404144287, 0.053467027842998505, -0.9434050917625427, -0.8503322601318359, 0.418732225894928, 0.31874504685401917, 0.4120764434337616, 0.9065343737602234, -0.0915880873799324),
mat3(-0.468429833650589, 0.45399051904678345, 0.7579354047775269, 0.8293245434761047, -0.0698423758149147, 0.5543851256370544, 0.3046216070652008, 0.8882649540901184, -0.3437892198562622),
mat3(0.9887928366661072, -0.14929401874542236, 0, -0.013653191737830639, -0.09042678028345108, -0.9958094954490662, 0.14866839349269867, 0.9846493005752563, -0.09145169705152512),
mat3(-0.9520322680473328, 0.294939249753952, -0.08151913434267044, -0.026388542726635933, 0.18627792596817017, 0.9821426272392273, 0.30485764145851135, 0.9371826648712158, -0.16955958306789398),
mat3(-0.5830564498901367, 0.6161008477210999, 0.5295894145965576, 0.8124316334724426, 0.442156046628952, 0.3800695538520813, 0, 0.6518571972846985, -0.7583417296409607),
mat3(0.9876883625984192, 0.13307100534439087, -0.08224257081747055, 0.012262124568223953, -0.589971661567688, -0.807330846786499, -0.15595310926437378, 0.7963827848434448, -0.5843398571014404),
mat3(-0.5405308604240417, -0.42633524537086487, -0.7253031730651855, -0.8267436027526855, 0.4289669990539551, 0.363981157541275, 0.15595315396785736, 0.7963827848434448, -0.5843397974967957),
mat3(0.5012069940567017, 0.5735645890235901, 0.6479314565658569, 0.8653274178504944, -0.3322148323059082, -0.3752889037132263, 0, 0.7487702965736389, -0.662829577922821),
mat3(0.5192584991455078, -0.15643440186977386, -0.8401778936386108, -0.8546172380447388, -0.09504827857017517, -0.5104852914810181, 0, 0.9831043481826782, -0.1830461621284485),
mat3(-0.9876883625984192, 0.13307100534439087, -0.08224257081747055, -0.01505429856479168, 0.4424382448196411, 0.8966726064682007, 0.15570837259292603, 0.8868711590766907, -0.4349878132343292),
mat3(0.468429833650589, 0.45399051904678345, 0.7579354047775269, 0.8696714043617249, -0.08574436604976654, -0.4861270487308502, -0.15570837259292603, 0.8868712186813354, -0.43498778343200684),
mat3(-0.49999991059303284, -0.3090170919895172, -0.80901700258255, -0.866025447845459, 0.17841105163097382, 0.4670860767364502, 0, 0.9341723322868347, -0.3568221628665924),
mat3(0.32730424404144287, 0.053467027842998505, -0.9434050917625427, -0.7609010338783264, -0.5770648717880249, -0.29669129848480225, -0.5602691769599915, 0.8149462342262268, -0.14819267392158508),
mat3(-0.8910064697265625, -0.38618749380111694, 0.23867696523666382, 0.0355864055454731, 0.4647020697593689, 0.8847516775131226, -0.45259371399879456, 0.7968131303787231, -0.4003095328807831),
mat3(0.42633524537086487, 0.7253031730651855, 0.5405308604240417, 0.5668426752090454, 0.2514629065990448, -0.7845098972320557, -0.7049309611320496, 0.6408601999282837, -0.3039252460002899),
mat3(-0.4920453429222107, -0.5975499749183655, -0.6331077218055725, -0.6499278545379639, -0.2317085564136505, 0.7238127589225769, -0.5792107582092285, 0.7676230669021606, -0.2743532657623291),
mat3(-0.9434050917625427, -0.32730424404144287, -0.053467027842998505, -0.29669129848480225, 0.7609010338783264, 0.5770648717880249, -0.14819267392158508, 0.5602691769599915, -0.8149462342262268),
mat3(0.23867696523666382, 0.8910064697265625, 0.38618749380111694, 0.8847516775131226, -0.0355864055454731, -0.4647020697593689, -0.4003095328807831, 0.45259371399879456, -0.7968131303787231),
mat3(0.5405308604240417, -0.42633524537086487, -0.7253031730651855, -0.7845098972320557, -0.5668426752090454, -0.2514629065990448, -0.3039252460002899, 0.7049309611320496, -0.6408601999282837),
mat3(-0.6331077218055725, 0.4920453429222107, 0.5975499749183655, 0.7238127589225769, 0.6499278545379639, 0.2317085564136505, -0.2743532657623291, 0.5792107582092285, -0.7676230669021606),
mat3(-0.053467027842998505, 0.9434050917625427, 0.32730424404144287, 0.5770648717880249, 0.29669129848480225, -0.7609010338783264, -0.8149462342262268, 0.14819267392158508, -0.5602691769599915),
mat3(0.38618749380111694, -0.23867696523666382, -0.8910064697265625, -0.4647020697593689, -0.8847516775131226, 0.0355864055454731, -0.7968131303787231, 0.4003095328807831, -0.45259371399879456),
mat3(-0.7253031730651855, -0.5405308604240417, 0.42633524537086487, -0.2514629065990448, 0.7845098972320557, 0.5668426752090454, -0.6408601999282837, 0.3039252460002899, -0.7049309611320496),
mat3(0.5975499749183655, 0.6331077218055725, -0.4920453429222107, 0.2317085564136505, -0.7238127589225769, -0.6499278545379639, -0.7676230669021606, 0.2743532657623291, -0.5792107582092285),
mat3(-0.3717480003833771, -0.7071068286895752, -0.601500928401947, -0.8109282851219177, -0.06804712116718292, 0.5811754465103149, -0.4518835246562958, 0.7038249373435974, -0.5481165647506714),
mat3(-0.601500928401947, 0.3717480003833771, 0.7071068286895752, 0.5811754465103149, 0.8109282851219177, 0.06804712116718292, -0.5481165647506714, 0.4518835246562958, -0.7038249373435974),
mat3(0.7071068286895752, 0.601500928401947, -0.3717480003833771, 0.06804712116718292, -0.5811754465103149, -0.8109282851219177, -0.7038249373435974, 0.5481165647506714, -0.4518835246562958),
mat3(-0.80901700258255, -0.5, 0.30901697278022766, -0.11026410013437271, 0.64549720287323, 0.7557613253593445, -0.5773502588272095, 0.5773502588272095, -0.5773502588272095),
mat3(-0.6161008477210999, -0.5295894145965576, -0.5830564498901367, -0.442156046628952, -0.3800695538520813, 0.8124316334724426, -0.6518571972846985, 0.7583417296409607, 0),
mat3(-0.13307100534439087, 0.08224257081747055, 0.9876883625984192, 0.589971661567688, 0.807330846786499, 0.012262124568223953, -0.7963827848434448, 0.5843398571014404, -0.15595310926437378),
mat3(0.42633524537086487, 0.7253031730651855, -0.5405308604240417, -0.4289669990539551, -0.363981157541275, -0.8267436027526855, -0.7963827848434448, 0.5843397974967957, 0.15595315396785736),
mat3(-0.5735645890235901, -0.6479314565658569, 0.5012069940567017, 0.3322148323059082, 0.3752889037132263, 0.8653274178504944, -0.7487702965736389, 0.662829577922821, 0),
mat3(-0.4138157069683075, 0, 0.9103606939315796, 0.08337821811437607, 0.9957969784736633, 0.03790059685707092, -0.9065344333648682, 0.0915881097316742, -0.4120764136314392),
mat3(0.15643440186977386, 0.8401778936386108, -0.5192584991455078, 0.07742083817720413, -0.5345443487167358, -0.8415867686271667, -0.9846493005752563, 0.09145170450210571, -0.14866840839385986),
mat3(-0.18477237224578857, -0.8745972514152527, -0.4482620358467102, -0.4205288887023926, -0.34188979864120483, 0.8403968214988708, -0.8882649540901184, 0.3437892496585846, -0.3046216070652008),
mat3(0.014823712408542633, 0.8924890756607056, 0.4508253335952759, 0.348523885011673, 0.41798657178878784, -0.8389387726783752, -0.9371826648712158, 0.16955958306789398, -0.30485764145851135),
mat3(-0.053467027842998505, 0.9434050917625427, -0.32730424404144287, -0.418732225894928, -0.31874504685401917, -0.8503322601318359, -0.9065343737602234, 0.0915880873799324, 0.4120764434337616),
mat3(-0.45399051904678345, -0.7579354047775269, -0.468429833650589, 0.0698423758149147, -0.5543851256370544, 0.8293245434761047, -0.8882649540901184, 0.3437892198562622, 0.3046216070652008),
mat3(0.14929401874542236, 0, 0.9887928366661072, 0.09042678028345108, 0.9958094954490662, -0.013653191737830639, -0.9846493005752563, 0.09145169705152512, 0.14866839349269867),
mat3(-0.294939249753952, 0.08151913434267044, -0.9520322680473328, -0.18627792596817017, -0.9821426272392273, -0.026388542726635933, -0.9371826648712158, 0.16955958306789398, 0.30485764145851135),
mat3(-0.45399051904678345, -0.7579354047775269, 0.468429833650589, 0.08574436604976654, 0.4861270487308502, 0.8696714043617249, -0.8868712186813354, 0.43498778343200684, -0.15570837259292603),
mat3(0.15643440186977386, 0.8401778936386108, 0.5192584991455078, 0.09504827857017517, 0.5104852914810181, -0.8546172380447388, -0.9831043481826782, 0.1830461621284485, 0),
mat3(-0.13307100534439087, 0.08224257081747055, -0.9876883625984192, -0.4424382448196411, -0.8966726064682007, -0.01505429856479168, -0.8868711590766907, 0.4349878132343292, 0.15570837259292603),
mat3(0, 0, 1, 0.3568221926689148, 0.9341723322868347, 0, -0.9341723322868347, 0.3568221926689148, 0),
mat3(-0.32730424404144287, 0.053467027842998505, 0.9434050917625427, 0.7609010338783264, -0.5770648717880249, 0.29669129848480225, 0.5602691769599915, 0.8149462342262268, 0.14819267392158508),
mat3(0.8910064697265625, -0.38618749380111694, -0.23867696523666382, -0.0355864055454731, 0.4647020697593689, -0.8847516775131226, 0.45259371399879456, 0.7968131303787231, 0.4003095328807831),
mat3(-0.42633524537086487, 0.7253031730651855, -0.5405308604240417, -0.5668426752090454, 0.2514629065990448, 0.7845098972320557, 0.7049309611320496, 0.6408601999282837, 0.3039252460002899),
mat3(0.4920453429222107, -0.5975499749183655, 0.6331077218055725, 0.6499278545379639, -0.2317085564136505, -0.7238127589225769, 0.5792107582092285, 0.7676230669021606, 0.2743532657623291),
mat3(0.9434050917625427, -0.32730424404144287, 0.053467027842998505, 0.29669129848480225, 0.7609010338783264, -0.5770648717880249, 0.14819267392158508, 0.5602691769599915, 0.8149462342262268),
mat3(-0.23867696523666382, 0.8910064697265625, -0.38618749380111694, -0.8847516775131226, -0.0355864055454731, 0.4647020697593689, 0.4003095328807831, 0.45259371399879456, 0.7968131303787231),
mat3(-0.5405308604240417, -0.42633524537086487, 0.7253031730651855, 0.7845098972320557, -0.5668426752090454, 0.2514629065990448, 0.3039252460002899, 0.7049309611320496, 0.6408601999282837),
mat3(0.6331077218055725, 0.4920453429222107, -0.5975499749183655, -0.7238127589225769, 0.6499278545379639, -0.2317085564136505, 0.2743532657623291, 0.5792107582092285, 0.7676230669021606),
mat3(0.053467027842998505, 0.9434050917625427, -0.32730424404144287, -0.5770648717880249, 0.29669129848480225, 0.7609010338783264, 0.8149462342262268, 0.14819267392158508, 0.5602691769599915),
mat3(-0.38618749380111694, -0.23867696523666382, 0.8910064697265625, 0.4647020697593689, -0.8847516775131226, -0.0355864055454731, 0.7968131303787231, 0.4003095328807831, 0.45259371399879456),
mat3(0.7253031730651855, -0.5405308604240417, -0.42633524537086487, 0.2514629065990448, 0.7845098972320557, -0.5668426752090454, 0.6408601999282837, 0.3039252460002899, 0.7049309611320496),
mat3(-0.5975499749183655, 0.6331077218055725, 0.4920453429222107, -0.2317085564136505, -0.7238127589225769, 0.6499278545379639, 0.7676230669021606, 0.2743532657623291, 0.5792107582092285),
mat3(0.3717480003833771, -0.7071068286895752, 0.601500928401947, 0.8109282851219177, -0.06804712116718292, -0.5811754465103149, 0.4518835246562958, 0.7038249373435974, 0.5481165647506714),
mat3(0.601500928401947, 0.3717480003833771, -0.7071068286895752, -0.5811754465103149, 0.8109282851219177, -0.06804712116718292, 0.5481165647506714, 0.4518835246562958, 0.7038249373435974),
mat3(-0.7071068286895752, 0.601500928401947, 0.3717480003833771, -0.06804712116718292, -0.5811754465103149, 0.8109282851219177, 0.7038249373435974, 0.5481165647506714, 0.4518835246562958),
mat3(0.80901700258255, -0.5, -0.30901697278022766, 0.11026410013437271, 0.64549720287323, -0.7557613253593445, 0.5773502588272095, 0.5773502588272095, 0.5773502588272095),
mat3(-0.9434050917625427, -0.32730424404144287, 0.053467027842998505, 0.31874504685401917, -0.8503322601318359, 0.418732225894928, -0.0915880873799324, 0.4120764434337616, 0.9065343737602234),
mat3(0.7579354047775269, -0.468429833650589, 0.45399051904678345, 0.5543851256370544, 0.8293245434761047, -0.0698423758149147, -0.3437892198562622, 0.3046216070652008, 0.8882649540901184),
mat3(0, 0.9887928366661072, -0.14929401874542236, -0.9958094954490662, -0.013653191737830639, -0.09042678028345108, -0.09145169705152512, 0.14866839349269867, 0.9846493005752563),
mat3(-0.08151913434267044, -0.9520322680473328, 0.294939249753952, 0.9821426272392273, -0.026388542726635933, 0.18627792596817017, -0.16955958306789398, 0.30485764145851135, 0.9371826648712158),
mat3(0.5295894145965576, -0.5830564498901367, 0.6161008477210999, 0.3800695538520813, 0.8124316334724426, 0.442156046628952, -0.7583417296409607, 0, 0.6518571972846985),
mat3(-0.08224257081747055, 0.9876883625984192, 0.13307100534439087, -0.807330846786499, 0.012262124568223953, -0.589971661567688, -0.5843398571014404, -0.15595310926437378, 0.7963827848434448),
mat3(-0.7253031730651855, -0.5405308604240417, -0.42633524537086487, 0.363981157541275, -0.8267436027526855, 0.4289669990539551, -0.5843397974967957, 0.15595315396785736, 0.7963827848434448),
mat3(0.6479314565658569, 0.5012069940567017, 0.5735645890235901, -0.3752889037132263, 0.8653274178504944, -0.3322148323059082, -0.662829577922821, 0, 0.7487702965736389),
mat3(0, 0.9103606939315796, 0.4138157069683075, -0.9957969784736633, 0.03790059685707092, -0.08337821811437607, -0.0915881097316742, -0.4120764136314392, 0.9065344333648682),
mat3(-0.8401778936386108, -0.5192584991455078, -0.15643440186977386, 0.5345443487167358, -0.8415867686271667, -0.07742083817720413, -0.09145170450210571, -0.14866840839385986, 0.9846493005752563),
mat3(0.8745972514152527, -0.4482620358467102, 0.18477237224578857, 0.34188979864120483, 0.8403968214988708, 0.4205288887023926, -0.3437892496585846, -0.3046216070652008, 0.8882649540901184),
mat3(-0.8924890756607056, 0.4508253335952759, -0.014823712408542633, -0.41798657178878784, -0.8389387726783752, -0.348523885011673, -0.16955958306789398, -0.30485764145851135, 0.9371826648712158),
mat3(-0.08224257081747055, -0.9876883625984192, 0.13307100534439087, 0.8966726064682007, -0.01505429856479168, 0.4424382448196411, -0.4349878132343292, 0.15570837259292603, 0.8868711590766907),
mat3(0.7579354047775269, 0.468429833650589, 0.45399051904678345, -0.4861270487308502, 0.8696714043617249, -0.08574436604976654, -0.43498778343200684, -0.15570837259292603, 0.8868712186813354),
mat3(-0.8401778936386108, 0.5192584991455078, -0.15643440186977386, -0.5104852914810181, -0.8546172380447388, -0.09504827857017517, -0.1830461621284485, 0, 0.9831043481826782),
mat3(0.80901700258255, -0.49999991059303284, 0.3090170919895172, 0.4670860767364502, 0.866025447845459, 0.178411066532135, -0.3568221926689148, 0, 0.9341723322868347),
mat3(-0.4138157069683075, 0, -0.9103606939315796, 0.08337821811437607, -0.9957969784736633, -0.03790059685707092, -0.9065344333648682, -0.0915881097316742, 0.4120764136314392),
mat3(0.15643440186977386, -0.8401778936386108, 0.5192584991455078, 0.07742083817720413, 0.5345443487167358, 0.8415867686271667, -0.9846493005752563, -0.09145170450210571, 0.14866840839385986),
mat3(-0.18477237224578857, 0.8745972514152527, 0.4482620358467102, -0.4205288887023926, 0.34188979864120483, -0.8403968214988708, -0.8882649540901184, -0.3437892496585846, 0.3046216070652008),
mat3(0.014823712408542633, -0.8924890756607056, -0.4508253335952759, 0.348523885011673, -0.41798657178878784, 0.8389387726783752, -0.9371826648712158, -0.16955958306789398, 0.30485764145851135),
mat3(-0.053467027842998505, -0.9434050917625427, 0.32730424404144287, -0.418732225894928, 0.31874504685401917, 0.8503322601318359, -0.9065343737602234, -0.0915880873799324, -0.4120764434337616),
mat3(-0.45399051904678345, 0.7579354047775269, 0.468429833650589, 0.0698423758149147, 0.5543851256370544, -0.8293245434761047, -0.8882649540901184, -0.3437892198562622, -0.3046216070652008),
mat3(0.14929401874542236, 0, -0.9887928366661072, 0.09042678028345108, -0.9958094954490662, 0.013653191737830639, -0.9846493005752563, -0.09145169705152512, -0.14866839349269867),
mat3(-0.294939249753952, -0.08151913434267044, 0.9520322680473328, -0.18627792596817017, 0.9821426272392273, 0.026388542726635933, -0.9371826648712158, -0.16955958306789398, -0.30485764145851135),
mat3(-0.6161008477210999, 0.5295894145965576, 0.5830564498901367, -0.442156046628952, 0.3800695538520813, -0.8124316334724426, -0.6518571972846985, -0.7583417296409607, 0),
mat3(-0.13307100534439087, -0.08224257081747055, -0.9876883625984192, 0.589971661567688, -0.807330846786499, -0.012262124568223953, -0.7963827848434448, -0.5843398571014404, 0.15595310926437378),
mat3(0.42633524537086487, -0.7253031730651855, 0.5405308604240417, -0.4289669990539551, 0.363981157541275, 0.8267436027526855, -0.7963827848434448, -0.5843397974967957, -0.15595315396785736),
mat3(-0.5735645890235901, 0.6479314565658569, -0.5012069940567017, 0.3322148323059082, -0.3752889037132263, -0.8653274178504944, -0.7487702965736389, -0.662829577922821, 0),
mat3(0.15643440186977386, -0.8401778936386108, -0.5192584991455078, 0.09504827857017517, -0.5104852914810181, 0.8546172380447388, -0.9831043481826782, -0.1830461621284485, 0),
mat3(-0.13307100534439087, -0.08224257081747055, 0.9876883625984192, -0.4424382448196411, 0.8966726064682007, 0.01505429856479168, -0.8868711590766907, -0.4349878132343292, -0.15570837259292603),
mat3(-0.45399051904678345, 0.7579354047775269, -0.468429833650589, 0.08574436604976654, -0.4861270487308502, -0.8696714043617249, -0.8868712186813354, -0.43498778343200684, 0.15570837259292603),
mat3(0.3090170919895172, -0.80901700258255, 0.49999991059303284, -0.17841105163097382, 0.4670860767364502, 0.866025447845459, -0.9341723322868347, -0.3568221628665924, 0),
mat3(0.5295894145965576, 0.5830564498901367, -0.6161008477210999, 0.3800695538520813, -0.8124316334724426, -0.442156046628952, -0.7583417296409607, 0, -0.6518571972846985),
mat3(-0.08224257081747055, -0.9876883625984192, -0.13307100534439087, -0.807330846786499, -0.012262124568223953, 0.589971661567688, -0.5843398571014404, 0.15595310926437378, -0.7963827848434448),
mat3(-0.7253031730651855, 0.5405308604240417, 0.42633524537086487, 0.363981157541275, 0.8267436027526855, -0.4289669990539551, -0.5843397974967957, -0.15595315396785736, -0.7963827848434448),
mat3(0.6479314565658569, -0.5012069940567017, -0.5735645890235901, -0.3752889037132263, -0.8653274178504944, 0.3322148323059082, -0.662829577922821, 0, -0.7487702965736389),
mat3(0, -0.9103606939315796, -0.4138157069683075, -0.9957969784736633, -0.03790059685707092, 0.08337821811437607, -0.0915881097316742, 0.4120764136314392, -0.9065344333648682),
mat3(-0.8401778936386108, 0.5192584991455078, 0.15643440186977386, 0.5345443487167358, 0.8415867686271667, 0.07742083817720413, -0.09145170450210571, 0.14866840839385986, -0.9846493005752563),
mat3(0.8745972514152527, 0.4482620358467102, -0.18477237224578857, 0.34188979864120483, -0.8403968214988708, -0.4205288887023926, -0.3437892496585846, 0.3046216070652008, -0.8882649540901184),
mat3(-0.8924890756607056, -0.4508253335952759, 0.014823712408542633, -0.41798657178878784, 0.8389387726783752, 0.348523885011673, -0.16955958306789398, 0.30485764145851135, -0.9371826648712158),
mat3(-0.9434050917625427, 0.32730424404144287, -0.053467027842998505, 0.31874504685401917, 0.8503322601318359, -0.418732225894928, -0.0915880873799324, -0.4120764434337616, -0.9065343737602234),
mat3(0.7579354047775269, 0.468429833650589, -0.45399051904678345, 0.5543851256370544, -0.8293245434761047, 0.0698423758149147, -0.3437892198562622, -0.3046216070652008, -0.8882649540901184),
mat3(0, -0.9887928366661072, 0.14929401874542236, -0.9958094954490662, 0.013653191737830639, 0.09042678028345108, -0.09145169705152512, -0.14866839349269867, -0.9846493005752563),
mat3(-0.08151913434267044, 0.9520322680473328, -0.294939249753952, 0.9821426272392273, 0.026388542726635933, -0.18627792596817017, -0.16955958306789398, -0.30485764145851135, -0.9371826648712158),
mat3(0.7579354047775269, -0.468429833650589, -0.45399051904678345, -0.4861270487308502, -0.8696714043617249, 0.08574436604976654, -0.43498778343200684, 0.15570837259292603, -0.8868712186813354),
mat3(-0.8401778936386108, -0.5192584991455078, 0.15643440186977386, -0.5104852914810181, 0.8546172380447388, 0.09504827857017517, -0.1830461621284485, 0, -0.9831043481826782),
mat3(-0.08224257081747055, 0.9876883625984192, -0.13307100534439087, 0.8966726064682007, 0.01505429856479168, -0.4424382448196411, -0.4349878132343292, -0.15570837259292603, -0.8868711590766907),
mat3(0, -1, 0, -0.9341723322868347, 0, 0.3568221926689148, -0.3568221926689148, 0, -0.9341723322868347),
mat3(0.5830564498901367, 0.6161008477210999, 0.5295894145965576, 0.7988017201423645, -0.5536409020423889, -0.23536695539951324, 0.14819256961345673, 0.5602691173553467, -0.8149462938308716),
mat3(0.3717480003833771, -0.7071068286895752, -0.601500928401947, -0.8771732449531555, -0.05542713776230812, -0.4769643545150757, 0.3039252460002899, 0.7049310207366943, -0.6408600807189941),
mat3(-0.8745972514152527, 0.4482620358467102, -0.18477237224578857, 0.273554265499115, 0.7708567380905151, 0.5752807855606079, 0.4003095328807831, 0.45259371399879456, -0.7968131303787231),
mat3(0.9428706765174866, -0.31892454624176025, 0.09634300321340561, -0.18901093304157257, -0.7502012848854065, -0.6336188316345215, 0.2743532657623291, 0.5792107582092285, -0.7676230669021606),
mat3(0.6161008477210999, -0.5295894145965576, -0.5830564498901367, -0.5536409020423889, 0.23536695539951324, -0.7988017201423645, 0.5602691173553467, 0.8149462938308716, -0.14819256961345673),
mat3(-0.7071068286895752, 0.601500928401947, -0.3717480003833771, -0.05542713776230812, 0.4769643545150757, 0.8771732449531555, 0.7049310207366943, 0.6408600807189941, -0.3039252460002899),
mat3(0.4482620358467102, 0.18477237224578857, 0.8745972514152527, 0.7708567380905151, -0.5752807855606079, -0.273554265499115, 0.45259371399879456, 0.7968131303787231, -0.4003095328807831),
mat3(-0.31892454624176025, -0.09634300321340561, -0.9428706765174866, -0.7502012848854065, 0.6336188316345215, 0.18901093304157257, 0.5792107582092285, 0.7676230669021606, -0.2743532657623291),
mat3(-0.5295894145965576, 0.5830564498901367, -0.6161008477210999, 0.23536695539951324, 0.7988017201423645, 0.5536409020423889, 0.8149462938308716, 0.14819256961345673, -0.5602691173553467),
mat3(0.601500928401947, 0.3717480003833771, 0.7071068286895752, 0.4769643545150757, -0.8771732449531555, 0.05542713776230812, 0.6408600807189941, 0.3039252460002899, -0.7049310207366943),
mat3(0.18477237224578857, -0.8745972514152527, -0.4482620358467102, -0.5752807855606079, 0.273554265499115, -0.7708567380905151, 0.7968131303787231, 0.4003095328807831, -0.45259371399879456),
mat3(-0.09634300321340561, 0.9428706765174866, 0.31892454624176025, 0.6336188316345215, -0.18901093304157257, 0.7502012848854065, 0.7676230669021606, 0.2743532657623291, -0.5792107582092285),
mat3(0.8910064697265625, -0.38618749380111694, 0.23867696523666382, -0.04368896037340164, -0.596229612827301, -0.8016242980957031, 0.45188355445861816, 0.7038249373435974, -0.5481165647506714),
mat3(-0.38618749380111694, -0.23867696523666382, -0.8910064697265625, -0.596229612827301, 0.8016242980957031, 0.04368896037340164, 0.7038249373435974, 0.5481165647506714, -0.45188355445861816),
mat3(-0.23867696523666382, 0.8910064697265625, 0.38618749380111694, 0.8016242980957031, -0.04368896037340164, 0.596229612827301, 0.5481165647506714, 0.45188355445861816, -0.7038249373435974),
mat3(0.30901697278022766, -0.80901700258255, -0.5, -0.7557613253593445, 0.11026410013437271, -0.64549720287323, 0.5773502588272095, 0.5773502588272095, -0.5773502588272095),
mat3(0.6161008477210999, 0.5295894145965576, 0.5830564498901367, -0.5536409020423889, -0.23536695539951324, 0.7988017201423645, 0.5602691173553467, -0.8149462938308716, 0.14819256961345673),
mat3(-0.7071068286895752, -0.601500928401947, 0.3717480003833771, -0.05542713776230812, -0.4769643545150757, -0.8771732449531555, 0.7049310207366943, -0.6408600807189941, 0.3039252460002899),
mat3(0.4482620358467102, -0.18477237224578857, -0.8745972514152527, 0.7708567380905151, 0.5752807855606079, 0.273554265499115, 0.45259371399879456, -0.7968131303787231, 0.4003095328807831),
mat3(-0.31892454624176025, 0.09634300321340561, 0.9428706765174866, -0.7502012848854065, -0.6336188316345215, -0.18901093304157257, 0.5792107582092285, -0.7676230669021606, 0.2743532657623291),
mat3(-0.5295894145965576, -0.5830564498901367, 0.6161008477210999, 0.23536695539951324, -0.7988017201423645, -0.5536409020423889, 0.8149462938308716, -0.14819256961345673, 0.5602691173553467),
mat3(0.601500928401947, -0.3717480003833771, -0.7071068286895752, 0.4769643545150757, 0.8771732449531555, -0.05542713776230812, 0.6408600807189941, -0.3039252460002899, 0.7049310207366943),
mat3(0.18477237224578857, 0.8745972514152527, 0.4482620358467102, -0.5752807855606079, -0.273554265499115, 0.7708567380905151, 0.7968131303787231, -0.4003095328807831, 0.45259371399879456),
mat3(-0.09634300321340561, -0.9428706765174866, -0.31892454624176025, 0.6336188316345215, 0.18901093304157257, -0.7502012848854065, 0.7676230669021606, -0.2743532657623291, 0.5792107582092285),
mat3(0.5830564498901367, -0.6161008477210999, -0.5295894145965576, 0.7988017201423645, 0.5536409020423889, 0.23536695539951324, 0.14819256961345673, -0.5602691173553467, 0.8149462938308716),
mat3(0.3717480003833771, 0.7071068286895752, 0.601500928401947, -0.8771732449531555, 0.05542713776230812, 0.4769643545150757, 0.3039252460002899, -0.7049310207366943, 0.6408600807189941),
mat3(-0.8745972514152527, -0.4482620358467102, 0.18477237224578857, 0.273554265499115, -0.7708567380905151, -0.5752807855606079, 0.4003095328807831, -0.45259371399879456, 0.7968131303787231),
mat3(0.9428706765174866, 0.31892454624176025, -0.09634300321340561, -0.18901093304157257, 0.7502012848854065, 0.6336188316345215, 0.2743532657623291, -0.5792107582092285, 0.7676230669021606),
mat3(-0.38618749380111694, 0.23867696523666382, 0.8910064697265625, -0.596229612827301, -0.8016242980957031, -0.04368896037340164, 0.7038249373435974, -0.5481165647506714, 0.45188355445861816),
mat3(-0.23867696523666382, -0.8910064697265625, -0.38618749380111694, 0.8016242980957031, 0.04368896037340164, -0.596229612827301, 0.5481165647506714, -0.45188355445861816, 0.7038249373435974),
mat3(0.8910064697265625, 0.38618749380111694, -0.23867696523666382, -0.04368896037340164, 0.596229612827301, 0.8016242980957031, 0.45188355445861816, -0.7038249373435974, 0.5481165647506714),
mat3(-0.80901700258255, -0.5, 0.30901697278022766, 0.11026410013437271, -0.64549720287323, -0.7557613253593445, 0.5773502588272095, -0.5773502588272095, 0.5773502588272095),
mat3(-0.32730424404144287, -0.053467027842998505, 0.9434050917625427, -0.8503322601318359, -0.418732225894928, -0.31874504685401917, 0.4120764434337616, -0.9065343737602234, 0.0915880873799324),
mat3(-0.468429833650589, -0.45399051904678345, -0.7579354047775269, 0.8293245434761047, 0.0698423758149147, -0.5543851256370544, 0.3046216070652008, -0.8882649540901184, 0.3437892198562622),
mat3(0.9887928366661072, 0.14929401874542236, 0, -0.013653191737830639, 0.09042678028345108, 0.9958094954490662, 0.14866839349269867, -0.9846493005752563, 0.09145169705152512),
mat3(-0.9520322680473328, -0.294939249753952, 0.08151913434267044, -0.026388542726635933, -0.18627792596817017, -0.9821426272392273, 0.30485764145851135, -0.9371826648712158, 0.16955958306789398),
mat3(-0.5830564498901367, -0.6161008477210999, -0.5295894145965576, 0.8124316334724426, -0.442156046628952, -0.3800695538520813, 0, -0.6518571972846985, 0.7583417296409607),
mat3(0.9876883625984192, -0.13307100534439087, 0.08224257081747055, 0.012262124568223953, 0.589971661567688, 0.807330846786499, -0.15595310926437378, -0.7963827848434448, 0.5843398571014404),
mat3(-0.5405308604240417, 0.42633524537086487, 0.7253031730651855, -0.8267436027526855, -0.4289669990539551, -0.363981157541275, 0.15595315396785736, -0.7963827848434448, 0.5843397974967957),
mat3(0.5012069940567017, -0.5735645890235901, -0.6479314565658569, 0.8653274178504944, 0.3322148323059082, 0.3752889037132263, 0, -0.7487702965736389, 0.662829577922821),
mat3(0.9103606939315796, -0.4138157069683075, 0, 0.03790059685707092, 0.08337821811437607, 0.9957969784736633, -0.4120764136314392, -0.9065344333648682, 0.0915881097316742),
mat3(-0.5192584991455078, 0.15643440186977386, 0.8401778936386108, -0.8415867686271667, 0.07742083817720413, -0.5345443487167358, -0.14866840839385986, -0.9846493005752563, 0.09145170450210571),
mat3(-0.4482620358467102, -0.18477237224578857, -0.8745972514152527, 0.8403968214988708, -0.4205288887023926, -0.34188979864120483, -0.3046216070652008, -0.8882649540901184, 0.3437892496585846),
mat3(0.4508253335952759, 0.014823712408542633, 0.8924890756607056, -0.8389387726783752, 0.348523885011673, 0.41798657178878784, -0.30485764145851135, -0.9371826648712158, 0.16955958306789398),
mat3(-0.9876883625984192, -0.13307100534439087, 0.08224257081747055, -0.01505429856479168, -0.4424382448196411, -0.8966726064682007, 0.15570837259292603, -0.8868711590766907, 0.4349878132343292),
mat3(0.468429833650589, -0.45399051904678345, -0.7579354047775269, 0.8696714043617249, 0.08574436604976654, 0.4861270487308502, -0.15570837259292603, -0.8868712186813354, 0.43498778343200684),
mat3(0.5192584991455078, 0.15643440186977386, 0.8401778936386108, -0.8546172380447388, 0.09504827857017517, 0.5104852914810181, 0, -0.9831043481826782, 0.1830461621284485),
mat3(-0.49999991059303284, -0.3090170919895172, -0.80901700258255, 0.866025447845459, -0.178411066532135, -0.4670860767364502, 0, -0.9341723322868347, 0.3568221926689148),
mat3(-0.9103606939315796, -0.4138157069683075, 0, -0.03790059685707092, 0.08337821811437607, -0.9957969784736633, 0.4120764136314392, -0.9065344333648682, -0.0915881097316742),
mat3(0.5192584991455078, 0.15643440186977386, -0.8401778936386108, 0.8415867686271667, 0.07742083817720413, 0.5345443487167358, 0.14866840839385986, -0.9846493005752563, -0.09145170450210571),
mat3(0.4482620358467102, -0.18477237224578857, 0.8745972514152527, -0.8403968214988708, -0.4205288887023926, 0.34188979864120483, 0.3046216070652008, -0.8882649540901184, -0.3437892496585846),
mat3(-0.4508253335952759, 0.014823712408542633, -0.8924890756607056, 0.8389387726783752, 0.348523885011673, -0.41798657178878784, 0.30485764145851135, -0.9371826648712158, -0.16955958306789398),
mat3(0.32730424404144287, -0.053467027842998505, -0.9434050917625427, 0.8503322601318359, -0.418732225894928, 0.31874504685401917, -0.4120764434337616, -0.9065343737602234, -0.0915880873799324),
mat3(0.468429833650589, -0.45399051904678345, 0.7579354047775269, -0.8293245434761047, 0.0698423758149147, 0.5543851256370544, -0.3046216070652008, -0.8882649540901184, -0.3437892198562622),
mat3(-0.9887928366661072, 0.14929401874542236, 0, 0.013653191737830639, 0.09042678028345108, -0.9958094954490662, -0.14866839349269867, -0.9846493005752563, -0.09145169705152512),
mat3(0.9520322680473328, -0.294939249753952, -0.08151913434267044, 0.026388542726635933, -0.18627792596817017, 0.9821426272392273, -0.30485764145851135, -0.9371826648712158, -0.16955958306789398),
mat3(0.5830564498901367, -0.6161008477210999, 0.5295894145965576, -0.8124316334724426, -0.442156046628952, 0.3800695538520813, 0, -0.6518571972846985, -0.7583417296409607),
mat3(-0.9876883625984192, -0.13307100534439087, -0.08224257081747055, -0.012262124568223953, 0.589971661567688, -0.807330846786499, 0.15595310926437378, -0.7963827848434448, -0.5843398571014404),
mat3(0.5405308604240417, 0.42633524537086487, -0.7253031730651855, 0.8267436027526855, -0.4289669990539551, 0.363981157541275, -0.15595315396785736, -0.7963827848434448, -0.5843397974967957),
mat3(-0.5012069940567017, -0.5735645890235901, 0.6479314565658569, -0.8653274178504944, 0.3322148323059082, -0.3752889037132263, 0, -0.7487702965736389, -0.662829577922821),
mat3(-0.5192584991455078, 0.15643440186977386, -0.8401778936386108, 0.8546172380447388, 0.09504827857017517, -0.5104852914810181, 0, -0.9831043481826782, -0.1830461621284485),
mat3(0.9876883625984192, -0.13307100534439087, -0.08224257081747055, 0.01505429856479168, -0.4424382448196411, 0.8966726064682007, -0.15570837259292603, -0.8868711590766907, -0.4349878132343292),
mat3(-0.468429833650589, -0.45399051904678345, 0.7579354047775269, -0.8696714043617249, 0.08574436604976654, -0.4861270487308502, 0.15570837259292603, -0.8868712186813354, -0.43498778343200684),
mat3(0.49999991059303284, 0.3090170919895172, -0.80901700258255, 0.866025447845459, -0.17841105163097382, 0.4670860767364502, 0, -0.9341723322868347, -0.3568221628665924),
mat3(-0.32730424404144287, -0.053467027842998505, -0.9434050917625427, 0.7609010338783264, 0.5770648717880249, -0.29669129848480225, 0.5602691769599915, -0.8149462342262268, -0.14819267392158508),
mat3(0.8910064697265625, 0.38618749380111694, 0.23867696523666382, -0.0355864055454731, -0.4647020697593689, 0.8847516775131226, 0.45259371399879456, -0.7968131303787231, -0.4003095328807831),
mat3(-0.42633524537086487, -0.7253031730651855, 0.5405308604240417, -0.5668426752090454, -0.2514629065990448, -0.7845098972320557, 0.7049309611320496, -0.6408601999282837, -0.3039252460002899),
mat3(0.4920453429222107, 0.5975499749183655, -0.6331077218055725, 0.6499278545379639, 0.2317085564136505, 0.7238127589225769, 0.5792107582092285, -0.7676230669021606, -0.2743532657623291),
mat3(0.9434050917625427, 0.32730424404144287, -0.053467027842998505, 0.29669129848480225, -0.7609010338783264, 0.5770648717880249, 0.14819267392158508, -0.5602691769599915, -0.8149462342262268),
