mat3(0.8025117516517639, 0.1265891045331955, 0.583052396774292, -0.594690203666687, 0.09084916859865189, 0.7988053560256958, 0.04815023019909859, -0.9877862334251404, 0.14818882942199707),
mat3(-0.4505006968975067, -0.8306140899658203, -0.32730618119239807, 0.5237670540809631, 0.051000792533159256, -0.8503334522247314, 0.7229918241500854, -0.5545080304145813, 0.41207239031791687),
mat3(-0.3065272867679596, 0.1265890896320343, 0.9434067010879517, -0.9434775710105896, 0.09085221588611603, -0.3187411427497864, -0.12605974078178406, -0.9877859354019165, 0.09158528596162796),
mat3(-0.9919549226760864, 0.1265917867422104, 0, 0.011593946255743504, 0.09084848314523697, -0.9957972168922424, -0.12605975568294525, -0.9877859354019165, -0.09158530086278915),
mat3(-0.3065272867679596, 0.1265890896320343, -0.9434067010879517, 0.9506432414054871, 0.09084916114807129, -0.29668813943862915, 0.04815022647380829, -0.9877862334251404, -0.14818881452083588),
mat3(0.35200822353363037, -0.21755532920360565, -0.9103624820709229, 0.45260047912597656, 0.8909076452255249, -0.03789985924959183, 0.8192942142486572, -0.3986894488334656, 0.41207247972488403),
mat3(0.9745825529098511, -0.2175569385290146, 0.053459081798791885, 0.1759089082479477, 0.8909071683883667, 0.4187367856502533, -0.13872617483139038, -0.3986896276473999, 0.9065327644348145),
mat3(0.25031372904777527, -0.21756260097026825, 0.9434031844139099, -0.3438795804977417, 0.8909080028533936, 0.2966982126235962, -0.9050358533859253, -0.39868471026420593, 0.1481911838054657),
mat3(-0.8198827505111694, -0.21755531430244446, 0.5295865535736084, -0.388436496257782, 0.8909076452255249, -0.23537355661392212, -0.42060592770576477, -0.3986894488334656, -0.8149462342262268),
mat3(-0.7570244073867798, -0.21755772829055786, -0.6161028146743774, 0.103818379342556, 0.8909069895744324, -0.4421611726284027, 0.645085871219635, -0.3986895978450775, -0.6518518328666687),
mat3(0.5414602756500244, 0.7744022607803345, -0.3272949159145355, -0.3348996639251709, 0.5557527542114258, 0.7609080672264099, 0.7711439728736877, -0.30239051580429077, 0.560265064239502),
mat3(0.4785936176776886, 0.7744042873382568, 0.41381898522377014, -0.8271576762199402, 0.55575031042099, -0.0833771675825119, -0.2945476770401001, -0.3023897707462311, 0.9065330028533936),
mat3(-0.24567103385925293, 0.7744049429893494, 0.5830460786819458, -0.17630557715892792, 0.5557509064674377, -0.8124390840530396, -0.9531852602958679, -0.3023870289325714, 0),
mat3(-0.6304365396499634, 0.7743967175483704, -0.05347408726811409, 0.7181861996650696, 0.5557608604431152, -0.41873428225517273, -0.2945476472377777, -0.3023897707462311, -0.9065330028533936),
mat3(-0.14395645260810852, 0.7743979096412659, -0.616104245185852, 0.6201722025871277, 0.5557588338851929, 0.5536412000656128, 0.7711439728736877, -0.3023904860019684, -0.5602651238441467),
mat3(0.8198827505111694, 0.21755531430244446, -0.5295865535736084, -0.45864138007164, 0.8032369613647461, -0.3800770044326782, 0.3426957130432129, 0.5545088648796082, 0.7583400011062622),
mat3(0.7570244073867798, 0.21755772829055786, 0.6161028146743774, 0.21974456310272217, 0.803236722946167, -0.5536452531814575, -0.6153262257575989, 0.5545082092285156, 0.5602627396583557),
mat3(-0.35200822353363037, 0.21755532920360565, 0.9103624820709229, 0.5944518446922302, 0.8032374978065491, 0.037900663912296295, -0.7229918241500854, 0.5545080304145813, -0.41207239031791687),
mat3(-0.9745825529098511, 0.2175569385290146, -0.053459081798791885, 0.14765295386314392, 0.8032363653182983, 0.5770701169967651, 0.1684858798980713, 0.5545091032981873, -0.8149430751800537),
mat3(-0.25031372904777527, 0.21756260097026825, -0.9434031844139099, -0.50319504737854, 0.8032385110855103, 0.31875160336494446, 0.8271262049674988, 0.5545036792755127, -0.09158521890640259),
mat3(-0.5877922177314758, 0.0000033870705919980537, -0.8090119361877441, -0.7991303205490112, 0.1558169573545456, 0.5806133151054382, 0.12605974078178406, 0.9877859354019165, -0.09158528596162796),
mat3(-0.5239588618278503, 0.13992159068584442, -0.8401720523834229, -0.7565941214561462, 0.3765871822834015, 0.5345534682273865, 0.39119359850883484, 0.9157532453536987, -0.09145233780145645),
mat3(-0.3912941515445709, 0.2244081199169159, -0.8924852609634399, -0.6572615504264832, 0.6106557846069336, 0.4417089521884918, 0.6441243290901184, 0.7594343423843384, -0.0914512351155281),
mat3(0.3756971061229706, -0.2496204525232315, -0.8924916386604309, -0.8968758583068848, 0.144585520029068, -0.41798168420791626, 0.23337814211845398, 0.9574887156486511, -0.16955819725990295),
mat3(-0.6371521949768066, -0.1399156153202057, -0.7579318881034851, -0.7421797513961792, 0.37658971548080444, 0.554391086101532, 0.20786139369010925, 0.9157531261444092, -0.34378746151924133),
mat3(0.35946351289749146, -0.4060584604740143, -0.8401800394058228, -0.7769545912742615, 0.3684430718421936, -0.5104813575744629, 0.5168437957763672, 0.8362811803817749, -0.1830471307039261),
mat3(-0.5877915620803833, 0.00000615536873738165, -0.8090124130249023, -0.6428864598274231, 0.6070566773414612, 0.46709662675857544, 0.4911192059516907, 0.7946585416793823, -0.356818825006485),
mat3(0.2628639340400696, -0.5257247686386108, -0.8090216517448425, -0.9052526354789734, 0.15570709109306335, -0.39531370997428894, 0.3337966203689575, 0.8362826704978943, -0.4349839985370636),
mat3(-0.72789466381073, -0.22440139949321747, -0.6479300260543823, -0.6231887340545654, 0.6106529831886292, 0.4886089265346527, 0.2860158681869507, 0.7594385743141174, -0.5843355059623718),
mat3(0.26286861300468445, -0.5257304310798645, -0.8090164065361023, -0.6044420003890991, 0.5638331770896912, -0.5627983212471008, 0.7520305514335632, 0.6369455456733704, -0.169559508562088),
mat3(-0.4784579575061798, 0.0784926638007164, -0.8745952844619751, -0.4937994182109833, 0.7995432019233704, 0.3418959081172943, 0.7261130213737488, 0.5954574346542358, -0.34378814697265625),
mat3(0.15979640185832977, -0.6324542760848999, -0.7579358220100403, -0.784866988658905, 0.3842713236808777, -0.4861268699169159, 0.5987060070037842, 0.6725601553916931, -0.43498730659484863),
mat3(-0.6839417815208435, -0.0784822627902031, -0.7253028154373169, -0.4777488112449646, 0.799542248249054, 0.36398932337760925, 0.551343560218811, 0.595460057258606, -0.5843351483345032),
mat3(0.12481551617383957, -0.7513988018035889, -0.6479358673095703, -0.9107488989830017, 0.17232662439346313, -0.3752865493297577, 0.3936464488506317, 0.6369484663009644, -0.6628265976905823),
mat3(-0.8198827505111694, -0.21755531430244446, -0.5295865535736084, -0.4586413502693176, 0.8032369613647461, 0.38007697463035583, 0.3426957428455353, 0.5545088648796082, -0.7583400011062622),
mat3(-0.9510550498962402, 0, 0.3090214133262634, 0.30524709820747375, 0.15581518411636353, 0.9394391179084778, -0.04815023019909859, 0.9877862334251404, -0.14818882942199707),
mat3(-0.9609644412994385, 0.13991937041282654, 0.23868373036384583, 0.27458620071411133, 0.3765879273414612, 0.8847507834434509, 0.03390836715698242, 0.9157533049583435, -0.4003075361251831),
mat3(-0.9697218537330627, 0.22440172731876373, 0.09635018557310104, 0.21698087453842163, 0.6106528639793396, 0.7615920305252075, 0.11206605285406113, 0.7594385743141174, -0.6408542990684509),
mat3(-0.7327139377593994, -0.24962061643600464, -0.6331033706665039, -0.6746730804443359, 0.14458365738391876, 0.7238175272941589, -0.08914337307214737, 0.9574889540672302, -0.27435076236724854),
mat3(-0.9177278876304626, -0.13991926610469818, 0.37175002694129944, 0.2979068458080292, 0.37658751010894775, 0.8771734833717346, -0.2627298831939697, 0.9157534837722778, -0.30392196774482727),
mat3(-0.6879784464836121, -0.4060570299625397, -0.6015008687973022, -0.7255887389183044, 0.3684423863887787, 0.5811808705329895, -0.01437415275722742, 0.8362821936607361, -0.548110842704773),
mat3(-0.9510544538497925, 0, 0.30902329087257385, 0.2455681413412094, 0.6070560812950134, 0.7557640075683594, -0.1875944584608078, 0.7946590185165405, -0.5773434042930603),
mat3(-0.6881948709487915, -0.5257262587547302, -0.4999997615814209, -0.65570467710495, 0.155706524848938, 0.7387874722480774, -0.31054675579071045, 0.8362818956375122, -0.45187756419181824),
mat3(-0.8411501049995422, -0.22440242767333984, 0.4920468330383301, 0.272117555141449, 0.6106530427932739, 0.7436766028404236, -0.4673527181148529, 0.7594382166862488, -0.4525870084762573),
mat3(-0.6881922483444214, -0.5257287621498108, -0.5000006556510925, -0.7220336198806763, 0.5638320446014404, 0.4009498953819275, 0.07112554460763931, 0.6369479298591614, -0.767618715763092),
mat3(-0.9796411395072937, 0.07848972082138062, 0.18477703630924225, 0.17256881296634674, 0.7995405197143555, 0.5752868056297302, -0.10258262604475021, 0.5954614281654358, -0.7968077063560486),
mat3(-0.671461820602417, -0.6324517726898193, -0.3861914575099945, -0.7048689723014832, 0.384268581867218, 0.596235990524292, -0.2286892682313919, 0.6725640892982483, -0.7038173079490662),
mat3(-0.9011507034301758, -0.07848965376615524, 0.4263412058353424, 0.1985408067703247, 0.7995402216911316, 0.5668483376502991, -0.3853686451911926, 0.595461905002594, -0.7049227952957153),
mat3(-0.5776546001434326, -0.7513988614082336, -0.31892773509025574, -0.6383544206619263, 0.1723284274339676, 0.7502043843269348, -0.5087423920631409, 0.6369479298591614, -0.5792050957679749),
mat3(-0.7570244073867798, -0.21755772829055786, 0.6161028146743774, 0.21974459290504456, 0.803236722946167, 0.5536452531814575, -0.6153262257575989, 0.5545082092285156, -0.5602626800537109),
mat3(0, 0, 1, 0.9877863526344299, 0.155814528465271, 0, -0.155814528465271, 0.9877863526344299, 0),
mat3(-0.0699571967124939, 0.13991758227348328, 0.9876887202262878, 0.9262998700141907, 0.37658753991127014, 0.012261073105037212, -0.37023574113845825, 0.9157537221908569, -0.155950665473938),
mat3(-0.20802892744541168, 0.22440098226070404, 0.9520336985588074, 0.7913672924041748, 0.6106534004211426, 0.028986450284719467, -0.5748580098152161, 0.7594383955001831, -0.30461716651916504),
mat3(-0.828543484210968, -0.2496233880519867, 0.501202404499054, 0.4798954725265503, 0.1445828080177307, 0.8653301000595093, -0.28847190737724304, 0.9574883580207825, 0),
mat3(0.0699571967124939, -0.13991758227348328, 0.9876887202262878, 0.9262998700141907, 0.37658756971359253, -0.012261069379746914, -0.37023577094078064, 0.9157537221908569, 0.1559506505727768),
mat3(-0.7846611142158508, -0.40606167912483215, 0.4684237837791443, 0.32850781083106995, 0.368439644575119, 0.8696751594543457, -0.5257276296615601, 0.8362811207771301, -0.15570580959320068),
mat3(0, 0, 1, 0.7946588397026062, 0.6070563197135925, 0, -0.6070563197135925, 0.7946588397026062, 0),
mat3(-0.6881969571113586, -0.5257278680801392, 0.4999951422214508, 0.4999954104423523, 0.15570499002933502, 0.8519158363342285, -0.5257276296615601, 0.8362811207771301, 0.15570580959320068),
mat3(0.20802892744541168, -0.22440098226070404, 0.9520336985588074, 0.7913672924041748, 0.6106534004211426, -0.028986450284719467, -0.5748580098152161, 0.7594383955001831, 0.30461716651916504),
mat3(-0.6881927847862244, -0.525735080242157, 0.49999329447746277, 0.1581966131925583, 0.5638285279273987, 0.8105992674827576, -0.7080709934234619, 0.6369458436965942, -0.304853230714798),
mat3(-0.1269960105419159, 0.07848707586526871, 0.9887930750846863, 0.6004543900489807, 0.7995424270629883, 0.013654591515660286, -0.7895103096961975, 0.5954592227935791, -0.1486666053533554),
mat3(-0.5747835040092468, -0.6324565410614014, 0.5192520022392273, 0.34922781586647034, 0.3842688798904419, 0.854621171951294, -0.7400431632995605, 0.672559380531311, 0),
mat3(0.1269960105419159, -0.07848707586526871, 0.9887930750846863, 0.6004543900489807, 0.7995424270629883, -0.013654591515660286, -0.7895103096961975, 0.5954592227935791, 0.1486666053533554),
mat3(-0.4818252623081207, -0.7514005303382874, 0.4508233368396759, 0.5162169337272644, 0.17232893407344818, 0.8389415144920349, -0.7080709934234619, 0.6369458436965942, 0.304853230714798),
mat3(0.35200822353363037, -0.21755532920360565, 0.9103624820709229, 0.5944518446922302, 0.8032374978065491, -0.037900663912296295, -0.7229918241500854, 0.5545080304145813, 0.41207242012023926),
mat3(0.9510550498962402, 0, 0.3090214133262634, 0.30524712800979614, 0.15581518411636353, -0.9394391179084778, -0.04815022647380829, 0.9877862334251404, 0.14818881452083588),
mat3(0.9177278876304626, 0.13991926610469818, 0.37175002694129944, 0.2979068458080292, 0.37658751010894775, -0.8771734833717346, -0.2627298831939697, 0.9157534837722778, 0.30392196774482727),
mat3(0.8411501049995422, 0.22440242767333984, 0.4920468330383301, 0.2721175253391266, 0.6106530427932739, -0.7436766028404236, -0.4673527181148529, 0.7594382166862488, 0.4525870382785797),
mat3(0.22063878178596497, -0.24962085485458374, 0.942872166633606, 0.9712733626365662, 0.14458322525024414, -0.18900714814662933, -0.08914337307214737, 0.9574889540672302, 0.27435076236724854),
mat3(0.9609644412994385, -0.13991937041282654, 0.23868373036384583, 0.27458620071411133, 0.3765879273414612, -0.8847507834434509, 0.033908359706401825, 0.9157533049583435, 0.4003075361251831),
mat3(0.2030227780342102, -0.40605834126472473, 0.8910097479820251, 0.9286239743232727, 0.3684416115283966, -0.04368417337536812, -0.31054675579071045, 0.8362818956375122, 0.45187756419181824),
mat3(0.9510544538497925, 0, 0.30902329087257385, 0.2455681413412094, 0.6070560216903687, -0.7557640075683594, -0.187594473361969, 0.7946590185165405, 0.5773433446884155),
mat3(0.2628571093082428, -0.5257265567779541, 0.8090226650238037, 0.9647276997566223, 0.1557038426399231, -0.21226584911346436, -0.01437415275722742, 0.8362821936607361, 0.548110842704773),
mat3(0.9697218537330627, -0.22440172731876373, 0.09635018557310104, 0.21698087453842163, 0.6106528639793396, -0.7615920305252075, 0.11206605285406113, 0.7594385743141174, 0.6408542990684509),
mat3(0.26285651326179504, -0.5257300138473511, 0.8090206384658813, 0.8198094964027405, 0.5638309121131897, 0.10003523528575897, -0.5087423920631409, 0.6369479298591614, 0.5792050957679749),
mat3(0.9011507034301758, 0.07848965376615524, 0.4263412058353424, 0.1985408067703247, 0.7995402216911316, -0.5668483376502991, -0.3853686451911926, 0.595461905002594, 0.7049227952957153),
mat3(0.3162190616130829, -0.6324508786201477, 0.7071148157119751, 0.9207099080085754, 0.3842700123786926, -0.06804285943508148, -0.2286892682313919, 0.6725640892982483, 0.7038173079490662),
mat3(0.9796411395072937, -0.07848972082138062, 0.18477703630924225, 0.17256881296634674, 0.7995405197143555, -0.5752868056297302, -0.10258262604475021, 0.5954614281654358, 0.7968077063560486),
mat3(0.2798655927181244, -0.7513988614082336, 0.5975574851036072, 0.9574008584022522, 0.17232847213745117, -0.23170346021652222, 0.07112554460763931, 0.6369479298591614, 0.767618715763092),
mat3(0.9745825529098511, -0.2175569385290146, -0.053459081798791885, 0.14765295386314392, 0.8032363653182983, -0.5770701169967651, 0.1684858798980713, 0.5545091032981873, 0.8149430751800537),
mat3(0.5877922177314758, -0.0000033870705919980537, -0.8090119361877441, -0.7991303205490112, 0.1558169722557068, -0.5806133151054382, 0.12605975568294525, 0.9877859354019165, 0.09158530086278915),
mat3(0.6371521949768066, 0.1399156153202057, -0.7579318881034851, -0.7421797513961792, 0.37658971548080444, -0.554391086101532, 0.20786137878894806, 0.9157531261444092, 0.34378746151924133),
mat3(0.72789466381073, 0.22440139949321747, -0.6479300260543823, -0.6231887340545654, 0.6106529831886292, -0.4886089265346527, 0.28601589798927307, 0.7594385743141174, 0.5843355059623718),
mat3(0.964905858039856, -0.24962206184864044, 0.08151991665363312, 0.12037986516952515, 0.14458273351192474, -0.9821428060531616, 0.23337814211845398, 0.9574887156486511, 0.16955819725990295),
mat3(0.5239588618278503, -0.13992159068584442, -0.8401720523834229, -0.7565941214561462, 0.3765871524810791, -0.5345534682273865, 0.39119356870651245, 0.9157532453536987, 0.09145233035087585),
mat3(0.9101390242576599, -0.4060567617416382, 0.08224885165691376, 0.2454114854335785, 0.36844152212142944, -0.896673858165741, 0.3337966203689575, 0.8362826704978943, 0.4349839985370636),
mat3(0.5877915620803833, -0.00000615536873738165, -0.8090124130249023, -0.6428864002227783, 0.6070566773414612, -0.46709659695625305, 0.49111926555633545, 0.7946585416793823, 0.3568188548088074),
mat3(0.8506534099578857, -0.5257269144058228, 0.000003077683913943474, 0.09623537957668304, 0.15570807456970215, -0.9831041097640991, 0.5168437957763672, 0.8362811803817749, 0.1830471307039261),
mat3(0.3912941515445709, -0.2244081199169159, -0.8924852609634399, -0.6572614908218384, 0.6106558442115784, -0.44170892238616943, 0.6441243886947632, 0.7594342827796936, 0.0914512425661087),
mat3(0.8506532311439514, -0.5257271528244019, 0.000006774092071282212, 0.3484702408313751, 0.5638329386711121, -0.748772919178009, 0.3936464488506317, 0.6369484663009644, 0.6628265976905823),
mat3(0.6839417815208435, 0.0784822627902031, -0.7253028154373169, -0.4777487516403198, 0.7995423674583435, -0.3639892637729645, 0.5513436198234558, 0.5954599976539612, 0.584335207939148),
mat3(0.7702212333679199, -0.6324520707130432, -0.08224152028560638, 0.21979625523090363, 0.384274959564209, -0.8966729640960693, 0.5987060070037842, 0.6725601553916931, 0.43498730659484863),
mat3(0.4784579575061798, -0.0784926638007164, -0.8745952844619751, -0.4937994182109833, 0.7995432019233704, -0.3418959081172943, 0.7261130213737488, 0.5954574346542358, 0.34378817677497864),
mat3(0.6547920107841492, -0.7513996362686157, -0.081522636115551, 0.07548147439956665, 0.1723337173461914, -0.9821423888206482, 0.7520305514335632, 0.6369455456733704, 0.169559508562088),
mat3(0.25031372904777527, -0.21756260097026825, -0.9434031844139099, -0.5031949877738953, 0.803238570690155, -0.31875163316726685, 0.8271262645721436, 0.5545036792755127, 0.09158523380756378),
mat3(-0.4253256618976593, 0.8506513237953186, -0.3090152144432068, 0.0028593854513019323, 0.3426993489265442, 0.9394407868385315, 0.9050358533859253, 0.39868471026420593, -0.1481911838054657),
mat3(-0.28527331352233887, 0.883415937423706, -0.3717464208602905, 0.20360416173934937, 0.4348680078983307, 0.8771744966506958, 0.9365705847740173, 0.17454537749290466, -0.3039233982563019),
mat3(-0.17545998096466064, 0.852705180644989, -0.4920444190502167, 0.42449623346328735, 0.5164780616760254, 0.7436755895614624, 0.8882661461830139, -0.07838570326566696, -0.45259132981300354),
mat3(-0.3219430148601532, 0.0857195183634758, -0.942870557308197, -0.30504661798477173, 0.9333914518356323, 0.18901586532592773, 0.8962696194648743, 0.3484717905521393, -0.2743503749370575),
mat3(-0.5549072027206421, 0.7969390153884888, -0.2386758029460907, 0.2140362560749054, 0.4140079915523529, 0.8847518563270569, 0.8039069771766663, 0.4398699402809143, -0.40030989050865173),
mat3(-0.4539882242679596, 0, -0.891007661819458, -0.0857463926076889, 0.9953585863113403, 0.04368969425559044, 0.8868721723556519, 0.09623530507087708, -0.4518811106681824),
mat3(-0.4253242015838623, 0.8506514430046082, -0.3090169429779053, 0.43315213918685913, 0.49112215638160706, 0.7557633519172668, 0.7946562170982361, 0.18759310245513916, -0.5773476362228394),
mat3(-0.5877830982208252, 0.000003077672545259702, -0.8090185523033142, -0.2921716570854187, 0.9325094819068909, 0.21227750182151794, 0.754418134689331, 0.3611454367637634, -0.5481124520301819),
mat3(-0.6343886256217957, 0.7669872045516968, -0.09634151309728622, 0.4491514563560486, 0.4671647250652313, 0.7615905404090881, 0.6291375756263733, 0.4398724138736725, -0.6408573985099792),
mat3(-0.5877835154533386, -0.0000033870401239255443, -0.8090182542800903, 0.13767996430397034, 0.9854122996330261, -0.10003402084112167, 0.7972168922424316, -0.1701839566230774, -0.5792086124420166),
mat3(-0.33280354738235474, 0.8411166071891785, -0.42633873224258423, 0.626346230506897, 0.5351431965827942, 0.5668440461158752, 0.7049341797828674, -0.07838795334100723, -0.7049277424812317),
mat3(-0.7071035504341125, 0, -0.7071099877357483, -0.06804857403039932, 0.9953586459159851, 0.06804794818162918, 0.7038280367851257, 0.0962347760796547, -0.7038216590881348),
mat3(-0.5083132386207581, 0.8411170244216919, -0.1847696453332901, 0.6379618048667908, 0.5119134187698364, 0.5752819776535034, 0.5784655213356018, 0.1745474934577942, -0.796812891960144),
mat3(-0.7972376942634583, -0.0857115164399147, -0.5975496768951416, -0.2740249037742615, 0.9333911538124084, 0.23171396553516388, 0.5378869771957397, 0.3484745919704437, -0.7676216959953308),
mat3(-0.6304365396499634, 0.7743967175483704, 0.05347408726811409, 0.6524112224578857, 0.49128037691116333, 0.5770642757415771, 0.4206058979034424, 0.39868950843811035, -0.8149462342262268),
mat3(-0.4253270924091339, 0.8506474494934082, 0.3090239465236664, 0.8943443894386292, 0.3427032232284546, 0.28758057951927185, 0.13872617483139038, 0.3986896276473999, -0.9065327644348145),
mat3(-0.4417087733745575, 0.8834143280982971, 0.1564369797706604, 0.8971584439277649, 0.4348713755607605, 0.07741860300302505, 0.00036273556179367006, 0.17454522848129272, -0.9846490621566772),
mat3(-0.5221816301345825, 0.8527055382728577, 0.014819948002696037, 0.8384541273117065, 0.5164769291877747, -0.1739145964384079, -0.1559520959854126, -0.07838916033506393, -0.9846492409706116),
mat3(-0.9962095618247986, 0.08571271598339081, 0.014826992526650429, 0.08549512922763824, 0.933390200138092, 0.34853023290634155, 0.01603410392999649, 0.3484767973423004, -0.9371802806854248),
mat3(-0.39846789836883545, 0.7969390153884888, 0.45399513840675354, 0.9075904488563538, 0.41400715708732605, 0.06984041631221771, -0.13229867815971375, 0.43987080454826355, -0.8882627487182617),
mat3(-0.9876884818077087, 0, 0.15643346309661865, 0.015054582618176937, 0.9953585267066956, 0.09505151957273483, -0.15570737421512604, 0.09623633325099945, -0.9831041693687439),
mat3(-0.42532631754875183, 0.8506494760513306, 0.3090193569660187, 0.8526226878166199, 0.4911251962184906, -0.17841120064258575, -0.30353260040283203, 0.1875939518213272, -0.9341715574264526),
mat3(-0.9510559439659119, 0, 0.30901870131492615, 0.11160054802894592, 0.9325096607208252, 0.3434690535068512, -0.2881629467010498, 0.3611449599266052, -0.8868688941001892),
mat3(-0.28765952587127686, 0.7669868469238281, 0.5735705494880676, 0.8631086349487305, 0.46716609597206116, -0.19183138012886047, -0.4150848686695099, 0.43987157940864563, -0.7963777780532837),
mat3(-0.9510573744773865, 0, 0.30901437997817993, -0.05258997157216072, 0.9854119420051575, -0.16185680031776428, -0.30450645089149475, -0.17018616199493408, -0.9371832609176636),
mat3(-0.5083132386207581, 0.8411170244216919, 0.1847696453332901, 0.7326511740684509, 0.5351423621177673, -0.4205293655395508, -0.4525924623012543, -0.07838893681764603, -0.8882653117179871),
mat3(-0.8910070657730103, 0, 0.4539894461631775, 0.04369007423520088, 0.9953585863113403, 0.08574684709310532, -0.4518822729587555, 0.09623587876558304, -0.8868715167045593),
mat3(-0.33280354738235474, 0.8411166071891785, 0.42633873224258423, 0.7442649602890015, 0.5119143128395081, -0.4289678633213043, -0.5790608525276184, 0.1745469570159912, -0.7963804602622986),
mat3(-0.8146617412567139, -0.08571223169565201, 0.5735674500465393, 0.13569653034210205, 0.933390200138092, 0.3322185277938843, -0.563837468624115, 0.3484768569469452, -0.7487664818763733),
mat3(-0.14395645260810852, 0.7743979096412659, 0.616104245185852, 0.7504270672798157, 0.49127840995788574, -0.4421592056751251, -0.645085871219635, 0.3986896276473999, -0.6518518328666687),
mat3(0.16247239708900452, 0.8506523966789246, 0.4999932646751404, 0.5498724579811096, 0.34269118309020996, -0.7617106437683105, -0.8192942142486572, 0.3986894488334656, -0.41207247972488403),
mat3(0.012289431877434254, 0.8834200501441956, 0.46842077374458313, 0.35086387395858765, 0.4348602890968323, -0.8293316960334778, -0.9363458156585693, 0.17454394698143005, -0.30461597442626953),
mat3(-0.14726446568965912, 0.8527106642723083, 0.5011962652206421, 0.09369266778230667, 0.5164686441421509, -0.8511649966239929, -0.9846495985984802, -0.07838795334100723, -0.15595021843910217),
mat3(-0.2937418818473816, 0.08571361750364304, 0.952034056186676, 0.35789161920547485, 0.9333901405334473, 0.02638930454850197, -0.886357307434082, 0.34847667813301086, -0.3048519790172577),
mat3(0.30864226818084717, 0.7969436049461365, 0.5192502737045288, 0.3468812108039856, 0.41400012373924255, -0.8415921330451965, -0.8856711387634277, 0.43986907601356506, -0.14866682887077332),
mat3(-0.15643180906772614, 0.000003196269290128839, 0.9876887798309326, 0.09505274146795273, 0.9953584671020508, 0.015051391907036304, -0.9831042885780334, 0.09623704105615616, -0.1557060182094574),
mat3(0.16246089339256287, 0.8506553769111633, 0.49999192357063293, 0.09379547834396362, 0.49111539125442505, -0.8660300374031067, -0.9822468757629395, 0.1875929981470108, -5.773583779955516e-7),
mat3(0, 0.0000030777184747421416, 1, 0.3611452877521515, 0.9325095415115356, -0.0000028700019356620032, -0.9325095415115356, 0.3611452877521515, -0.0000011115035931652528),
mat3(0.4566023349761963, 0.7669931054115295, 0.45081689953804016, 0.08427461236715317, 0.4671568274497986, -0.8801490068435669, -0.8856704235076904, 0.43987053632736206, 0.1486668586730957),
mat3(0, 0, 1, -0.17018230259418488, 0.98541259765625, 0, -0.98541259765625, -0.17018230259418488, 0),
mat3(0.018647730350494385, 0.8411204218864441, 0.540526270866394, -0.17354364693164825, 0.5351371169090271, -0.8267471194267273, -0.9846495985984802, -0.07838795334100723, 0.15595020353794098),
mat3(0.15643180906772614, -0.000003196269290128839, 0.9876887798309326, 0.09505240619182587, 0.9953584671020508, -0.015051338821649551, -0.9831043481826782, 0.0962367057800293, 0.1557060331106186),
mat3(0.30262190103530884, 0.8411220908164978, 0.4482561945915222, -0.1779794543981552, 0.5119063854217529, -0.8404017686843872, -0.9363456964492798, 0.1745435893535614, 0.3046165406703949),
mat3(0.2937418222427368, -0.08571699261665344, 0.9520338177680969, 0.3578931987285614, 0.9333896636962891, -0.026386508718132973, -0.8863567113876343, 0.34847724437713623, 0.3048531115055084),
mat3(0.5414602756500244, 0.7744022607803345, 0.3272949159145355, -0.18862079083919525, 0.4912716746330261, -0.8503377437591553, -0.8192942142486572, 0.39868947863578796, 0.41207244992256165),
mat3(0.5257280468940735, 0.8506526947021484, -0.000010161091267946176, -0.5545035600662231, 0.34269022941589355, -0.7583463191986084, -0.645085871219635, 0.3986895978450775, 0.6518518328666687),
mat3(0.44929036498069763, 0.8834211230278015, 0.13306115567684174, -0.6803141832351685, 0.434856653213501, -0.5899764895439148, -0.5790602564811707, 0.17454737424850464, 0.7963808178901672),
mat3(0.43115800619125366, 0.8527109026908875, 0.29493531584739685, -0.7805534601211548, 0.5164681673049927, -0.35213199257850647, -0.45259150862693787, -0.0783882588148117, 0.88826584815979),
mat3(0.8146622180938721, 0.08571263402700424, 0.5735667943954468, 0.13569577038288116, 0.9333903193473816, -0.33221861720085144, -0.5638369917869568, 0.3484765291213989, 0.7487669587135315),
mat3(0.5892107486724854, 0.7969448566436768, -0.13307718932628632, -0.6932063698768616, 0.4139963388442993, -0.5899761915206909, -0.4150850474834442, 0.43987029790878296, 0.7963783740997314),
mat3(0.891007661819458, -0.000003196222451151698, 0.4539882242679596, 0.04369309917092323, 0.9953584671020508, -0.08574606478214264, -0.4518807828426361, 0.09623655676841736, 0.8868721723556519),
mat3(0.525719165802002, 0.8506581783294678, -0.0000030776568564760964, -0.7946609854698181, 0.49111083149909973, -0.35682493448257446, -0.30353453755378723, 0.18759214878082275, 0.9341712594032288),
mat3(0.9510553479194641, 0, 0.3090205788612366, 0.11160089075565338, 0.9325100779533386, -0.3434678316116333, -0.28816479444503784, 0.36114388704299927, 0.8868687152862549),
mat3(0.569845974445343, 0.7669958472251892, -0.294945627450943, -0.8110318183898926, 0.46715202927589417, -0.3521311581134796, -0.13229867815971375, 0.43987080454826355, 0.8882627487182617),
mat3(0.9510573744773865, 0, 0.30901437997817993, -0.05258942022919655, 0.9854122400283813, 0.16185510158538818, -0.3045065402984619, -0.17018437385559082, 0.9371835589408875),
mat3(0.51982581615448, 0.8411255478858948, 0.14929482340812683, -0.8399162292480469, 0.5351291298866272, -0.0904293805360794, -0.1559544801712036, -0.07838763296604156, 0.9846489429473877),
mat3(0.9876880645751953, 0.000003196225634383154, 0.15643607079982758, 0.015051447786390781, 0.9953586459159851, -0.09505043923854828, -0.15571029484272003, 0.0962347760796547, 0.98310387134552),
mat3(0.51982581615448, 0.8411255478858948, -0.14929482340812683, -0.854272186756134, 0.5119001865386963, -0.09042800962924957, 0.00036273596924729645, 0.17454522848129272, 0.9846490621566772),
mat3(0.9962095618247986, -0.08571271598339081, 0.014826992526650429, 0.08549512922763824, 0.933390200138092, -0.34853020310401917, 0.01603410206735134, 0.348476767539978, 0.9371802806854248),
mat3(0.4785936176776886, 0.7744042873382568, -0.41381898522377014, -0.8670081496238708, 0.4912683367729187, -0.08338018506765366, 0.13872618973255157, 0.3986896872520447, 0.9065327048301697),
mat3(0.16245508193969727, 0.850650429725647, -0.5000022053718567, -0.892579972743988, 0.34269604086875916, 0.29301947355270386, 0.42060592770576477, 0.3986894488334656, 0.8149462342262268),
mat3(0.26539331674575806, 0.8834170699119568, -0.3861873149871826, -0.7713261842727661, 0.4348648488521576, 0.4647025465965271, 0.578465461730957, 0.17454741895198822, 0.7968129515647888),
mat3(0.4137403666973114, 0.8527072072029114, -0.31891894340515137, -0.576098620891571, 0.5164740681648254, 0.6335337162017822, 0.7049320936203003, -0.07838970422744751, 0.7049295902252197),
mat3(0.797238290309906, 0.08570855110883713, -0.597549319267273, -0.2740223705768585, 0.9333914518356323, -0.231715589761734, 0.5378873944282532, 0.3484744131565094, 0.7676214575767517),
mat3(0.05551476404070854, 0.79694002866745, -0.6015020608901978, -0.7753084897994995, 0.41400498151779175, 0.4769660532474518, 0.629138171672821, 0.43987101316452026, 0.6408577561378479),
mat3(0.7071051597595215, -0.000006392402610799763, -0.7071083784103394, -0.06804478913545609, 0.9953585267066956, -0.0680534765124321, 0.7038268446922302, 0.09623600542545319, 0.7038227319717407),
mat3(0.16245441138744354, 0.8506535887718201, -0.49999701976776123, -0.5849204659461975, 0.49111804366111755, 0.645500659942627, 0.7946550250053406, 0.18759408593177795, 0.5773490071296692),
mat3(0.5877851247787476, -0.000006155333721835632, -0.8090170621871948, -0.29216837882995605, 0.9325100183486938, -0.2122797816991806, 0.7544178366661072, 0.36114412546157837, 0.5481137633323669),
mat3(-0.10441263020038605, 0.76699298620224, -0.6331032514572144, -0.5855172872543335, 0.46715909242630005, 0.6625193357467651, 0.8039076328277588, 0.439868301153183, 0.40031036734580994),
mat3(0.5877835154533386, 0.0000033870401239255443, -0.8090182542800903, 0.13768279552459717, 0.9854117035865784, 0.10003608465194702, 0.7972164154052734, -0.17018745839595795, 0.5792083144187927),
mat3(0.30262190103530884, 0.8411220908164978, -0.4482561945915222, -0.3455457091331482, 0.5351346731185913, 0.7708625197410583, 0.888266921043396, -0.07838690280914307, 0.45258960127830505),
mat3(0.45398691296577454, 0.0000063924262576620094, -0.8910083174705505, -0.08574889600276947, 0.9953586459159851, -0.043683670461177826, 0.8868725895881653, 0.09623479843139648, 0.4518803656101227),
mat3(0.018647730350494385, 0.8411204218864441, -0.540526270866394, -0.34998270869255066, 0.5119084715843201, 0.7845137119293213, 0.9365705251693726, 0.17454545199871063, 0.3039235472679138),
mat3(0.32194218039512634, -0.0857124924659729, -0.9428714513778687, -0.3050481677055359, 0.9333922863006592, -0.18900905549526215, 0.8962693810462952, 0.34847119450569153, 0.27435192465782166),
mat3(-0.24567103385925293, 0.7744049429893494, -0.5830460786819458, -0.3472115099430084, 0.49127131700515747, 0.7988095283508301, 0.9050358533859253, 0.39868468046188354, 0.1481911838054657),
mat3(-0.9510573744773865, 0, -0.30901437997817993, -0.09344279021024704, 0.9531843662261963, 0.28759002685546875, 0.2945476770401001, 0.3023897707462311, -0.9065330028533936),
mat3(-0.891007661819458, 0, -0.4539882242679596, -0.03558726981282234, 0.9969229102134705, 0.06984438747167587, 0.45259127020835876, 0.07838808745145798, -0.8882659673690796),
mat3(-0.814661979675293, -0.08571600914001465, -0.5735666155815125, 0.03185177594423294, 0.9809108376502991, -0.191831573843956, 0.5790607333183289, -0.174547016620636, -0.7963805794715881),
mat3(-0.4311567544937134, -0.8527118563652039, -0.2949344515800476, -0.8493406772613525, 0.49388256669044495, -0.18628054857254028, 0.3045066297054291, 0.1701837182044983, -0.937183678150177),
mat3(-0.9876880645751953, 0, -0.15643607079982758, -0.012262627482414246, 0.9969229698181152, 0.0774223655462265, 0.15595471858978271, 0.07838746905326843, -0.9846489429473877),
mat3(-0.44928908348083496, -0.8834218382835388, -0.1330607831478119, -0.7706769108772278, 0.4585895836353302, -0.4424394965171814, 0.4518810212612152, -0.09623637795448303, -0.8868721127510071),
mat3(-0.9510553479194641, 0, -0.3090205788612366, 0.0579698346555233, 0.982246994972229, -0.17841051518917084, 0.30353453755378723, -0.18759214878082275, -0.9341712594032288),
mat3(-0.525719165802002, -0.8506581783294678, 0.0000030776568564760964, -0.8362857103347778, 0.5168361067771912, -0.18304835259914398, 0.15570999681949615, -0.09623459726572037, -0.9831039309501648),
mat3(-0.9962092638015747, 0.08571608364582062, -0.014826987870037556, 0.08698824048042297, 0.9809112548828125, -0.17391437292099, -0.00036330072907730937, -0.17454488575458527, -0.984649121761322),
mat3(-0.5257280468940735, -0.8506526947021484, 0.000010161091267946176, -0.6369433999061584, 0.3936415910720825, -0.6628343462944031, 0.5638378262519836, -0.3484771251678467, -0.7487660646438599),
mat3(-0.9011507034301758, -0.07848965376615524, -0.4263412058353424, 0.12502804398536682, 0.8946240544319153, -0.428970605134964, 0.4150848388671875, -0.43987175822257996, -0.7963776588439941),
mat3(-0.5892122387886047, -0.796943724155426, 0.13307751715183258, -0.7548443675041199, 0.4842053949832916, -0.4424421787261963, 0.2881646752357483, -0.36114516854286194, -0.8868682384490967),
mat3(-0.9796411395072937, 0.07848972082138062, -0.18477703630924225, 0.15099774301052094, 0.8946238160133362, -0.4205329418182373, 0.13229842483997345, -0.43987229466438293, -0.8882620930671692),
mat3(-0.5698474645614624, -0.7669944763183594, 0.2949464023113251, -0.8215939998626709, 0.5387792587280273, -0.18627989292144775, -0.016035348176956177, -0.3484773337841034, -0.9371800422668457),
mat3(-0.9745825529098511, 0.2175569385290146, 0.053459081798791885, 0.1759088933467865, 0.8909071087837219, -0.41873684525489807, -0.13872618973255157, -0.3986896872520447, -0.9065327048301697),
mat3(-0.5877835154533386, -0.0000033870401239255443, 0.8090182542800903, 0.24463754892349243, 0.9531841278076172, 0.17774277925491333, -0.7711439728736877, 0.30239051580429077, -0.560265064239502),
mat3(-0.7071036100387573, 0, 0.7071099877357483, 0.05542890727519989, 0.9969229102134705, 0.055428408086299896, -0.7049341201782227, 0.07838796079158783, -0.7049278020858765),
mat3(-0.7972384095191956, -0.08571232855319977, 0.5975485444068909, -0.17259688675403595, 0.9809112548828125, -0.08957377076148987, -0.5784645080566406, -0.17454667389392853, -0.7968138456344604),
mat3(-0.41373518109321594, -0.8527102470397949, 0.31891754269599915, -0.4396228492259979, 0.49388551712036133, 0.7502058744430542, -0.7972170114517212, 0.17018310725688934, -0.5792087316513062),
mat3(-0.4539894461631775, 0, 0.8910070657730103, 0.0698414072394371, 0.9969232082366943, 0.03558586910367012, -0.8882656097412109, 0.07838479429483414, -0.4525926113128662),
mat3(-0.26538994908332825, -0.8834196329116821, 0.38618385791778564, -0.6589341759681702, 0.4585942327976227, 0.5962357521057129, -0.7038280367851257, -0.0962347686290741, -0.7038216590881348),
mat3(-0.5877851247787476, 0.000003077666860917816, 0.8090170621871948, -0.1517636775970459, 0.9822469353675842, -0.11026646941900253, -0.794654905796051, -0.18759240210056305, -0.5773496627807617),
mat3(-0.16245466470718384, -0.8506549000740051, 0.4999947249889374, -0.43251270055770874, 0.5168415307998657, 0.7387878894805908, -0.8868715763092041, -0.0962345227599144, -0.45188236236572266),
mat3(-0.3219440281391144, 0.08571887761354446, 0.9428702592849731, -0.1385221928358078, 0.9809107780456543, -0.13647578656673431, -0.9365701675415039, -0.174546018242836, -0.30392441153526306),
mat3(-0.16245508193969727, -0.850650429725647, 0.5000022053718567, -0.8272167444229126, 0.39364808797836304, 0.4009409248828888, -0.5378854870796204, -0.34847530722618103, -0.7676224112510681),
mat3(-0.6839417815208435, -0.0784822627902031, 0.7253028154373169, -0.3693367540836334, 0.8946242928504944, -0.2514711022377014, -0.6291375160217285, -0.4398725926876068, -0.6408573389053345),
mat3(-0.05551798269152641, -0.7969371676445007, 0.6015055775642395, -0.6540436148643494, 0.4842160940170288, 0.5811727046966553, -0.754416823387146, -0.36114534735679626, -0.5481143593788147),
mat3(-0.4784579575061798, 0.0784926638007164, 0.8745952844619751, -0.3532867133617401, 0.8946247100830078, -0.2735600471496582, -0.803907036781311, -0.43986988067626953, -0.40030989050865173),
mat3(0.1044095903635025, -0.7669888734817505, 0.6331087946891785, -0.43104490637779236, 0.5387911200523376, 0.7238124012947083, -0.8962694406509399, -0.3484712839126587, -0.27435168623924255),
mat3(-0.25031372904777527, 0.21756260097026825, 0.9434031844139099, -0.3438795506954193, 0.8909080028533936, -0.2966982126235962, -0.9050358533859253, -0.39868468046188354, -0.1481911838054657),
mat3(0.5877835154533386, 0.0000033870401239255443, 0.8090182542800903, 0.24463751912117004, 0.9531841278076172, -0.17774274945259094, -0.7711439728736877, 0.3023904860019684, 0.5602651238441467),
mat3(0.4539894461631775, 0, 0.8910070657730103, 0.0698413997888565, 0.9969232082366943, -0.03558586537837982, -0.8882656097412109, 0.07838478684425354, 0.4525925815105438),
mat3(0.3219440281391144, -0.08571887761354446, 0.9428702592849731, -0.1385221928358078, 0.9809107780456543, 0.13647578656673431, -0.9365701675415039, -0.174546018242836, 0.3039243817329407),
mat3(0.1754629760980606, -0.8527032136917114, 0.49204668402671814, 0.5776311755180359, 0.4938976764678955, 0.6499286890029907, -0.7972170114517212, 0.17018310725688934, 0.5792087316513062),
mat3(0.7071036100387573, 0, 0.7071099877357483, 0.055428918451070786, 0.9969229102134705, -0.05542841553688049, -0.7049341201782227, 0.07838797569274902, 0.7049278020858765),
mat3(0.28527557849884033, -0.8834130167961121, 0.3717515766620636, 0.3634234368801117, 0.45860692858695984, 0.8109273314476013, -0.8868715763092041, -0.0962345227599144, 0.45188236236572266),
mat3(0.5877851247787476, -0.000003077666860917816, 0.8090170621871948, -0.1517637073993683, 0.9822469353675842, 0.11026649177074432, -0.794654905796051, -0.18759244680404663, 0.5773497223854065),
mat3(0.42532631754875183, -0.8506494760513306, 0.3090193569660187, 0.5689671635627747, 0.5168503522872925, 0.6396421790122986, -0.7038280367851257, -0.0962347686290741, 0.7038216590881348),
mat3(0.7972384095191956, 0.08571232855319977, 0.5975485444068909, -0.17259688675403595, 0.9809112548828125, 0.08957377076148987, -0.5784645080566406, -0.17454665899276733, 0.7968137860298157),
mat3(0.4253256618976593, -0.8506513237953186, 0.3090152144432068, 0.12569469213485718, 0.393649697303772, 0.9106265902519226, -0.8962694406509399, -0.3484712839126587, 0.27435168623924255),
mat3(0.4784579575061798, -0.0784926638007164, 0.8745952844619751, -0.3532867729663849, 0.8946247100830078, 0.2735600471496582, -0.8039069771766663, -0.4398699104785919, 0.40030989050865173),
